-19.500000000000004       -0.9000000036909526      0.17892897691917975      -1.4689588721694988E-13
-18.500000000000004       -0.9000000036909526      0.17892897692740659      -8.869517567124904E-13
-17.500000000000004       -0.9000000036909526      0.17892897693361778      2.3089702140456473E-12
-16.500000000000004       -0.9000000036909526      0.1789289764078958       7.949184024409718E-11
-15.500000000000004       -0.9000000036909526      0.1789289721217918       3.941569439415374E-10
-14.500000000000004       -0.9000000036909526      0.1789289784771549       -2.6222170513910084E-9
-13.500000000000002       -0.9000000036909526      0.1789293109960982       -4.565910187742107E-8
-12.500000000000002       -0.9000000036909526      0.1789312793015682       -1.4642854258688798E-7
-11.500000000000002       -0.9000000036909526      0.17891112998857475      7.323895238314724E-6
-10.500000000000002       -0.9000000036909526      0.17828292585325317      1.60668764526788E-4
-9.500000000000002        -0.9000000036909526      0.17475882352422373      6.20951095816773E-4
-8.500000000000002        -0.9000000036909526      0.165256340862535        0.0012632125787193234
-7.5                      -0.9000000036909526      0.14894312861808837      0.0015541109638522756
-6.5                      -0.9000000036909526      0.12010081358880545      0.002384690514190155
-5.5                      -0.9000000036909526      0.059101279337221535     0.0020484284031578657
2.5                       -0.9000000036909526      0.15427528146301675      -0.004525086683124056
3.5                       -0.9000000036909526      0.1767557173603816       -1.0919617153839093E-4
4.5000000000000036        -0.9000000036909526      0.17704063284730845      1.4250442759283451E-5
5.5000000000000036        -0.9000000036909526      0.17688620499900198      2.936259794958907E-6
6.5000000000000036        -0.9000000036909526      0.17686607507427743      1.0670081088346387E-7
7.5000000000000036        -0.9000000036909526      0.17686620849032794      -3.272404623699719E-8
8.500000000000004         -0.9000000036909526      0.17686652239888434      -4.909621216134774E-9
9.500000000000004         -0.9000000036909526      0.17686655284326466      -3.417304160182326E-11
10.500000000000004        -0.9000000036909526      0.17686655146113942      6.980615735794346E-11
11.500000000000004        -0.9000000036909526      0.17686655086795045      7.834724928419305E-12
12.500000000000004        -0.9000000036909526      0.17686655083057934      -2.354370980471757E-13
13.500000000000004        -0.9000000036909526      0.17686655083429934      -1.475848490433205E-13
14.500000000000004        -0.9000000036909526      0.17686655083541633      -1.0250192723241471E-14
15.500000000000004        -0.9000000036909526      0.17686655083547048      7.269971825861245E-16
16.500000000000004        -0.9000000036909526      0.17686655083547334      -1.1892691562698152E-15
17.500000000000004        -0.9000000036909526      0.1768665508354669       -3.848344109372556E-16
18.500000000000004        -0.9000000036909526      0.17686655083546868      7.385765597880268E-16
19.500000000000004        -0.9000000036909526      0.17686655083546943      -3.238232198732655E-16
-19.500000000000004       -0.7000000033024313      0.4802830557493569       -1.1135150715179265E-12
-18.500000000000004       -0.7000000033024313      0.4802830557684611       -6.062804313076846E-12
-17.500000000000004       -0.7000000033024313      0.4802830557621608       2.6034247943334382E-11
-16.500000000000004       -0.7000000033024313      0.48028305443942193      6.158529007127813E-10
-15.500000000000004       -0.7000000033024313      0.48028304571475133      2.5462756922061317E-9
-14.500000000000004       -0.7000000033024313      0.4802830755048435       -2.3649505363381857E-8
-13.500000000000002       -0.7000000033024313      0.48028387995470656      -3.430465501429762E-7
-12.500000000000002       -0.7000000033024313      0.4802875651728491       -7.968302104397906E-7
-11.500000000000002       -0.7000000033024313      0.48024874786488936      3.35381171249411E-5
-10.500000000000002       -0.7000000033024313      0.47972282313217307      4.315016736327196E-4
-9.500000000000002        -0.7000000033024313      0.47745845125485203      0.0015907630287774121
-8.500000000000002        -0.7000000033024313      0.4718911240851222       0.0033160500337995158
-7.5                      -0.7000000033024313      0.4619765835306844       0.004860711261850089
-6.5                      -0.7000000033024313      0.44354609670433853      0.00900637932014974
-5.5                      -0.7000000033024313      0.40453319188761994      0.016329287280581507
-4.5                      -0.7000000033024313      0.33574024949649767      0.014959413463234999
-3.5                      -0.7000000033024313      0.2831744775269026       0.003914297372274879
-2.5                      -0.7000000033024313      0.2519307637523348       0.002377241503234571
-1.5                      -0.7000000033024313      0.21634857317936426      0.002642873135129425
-0.5                      -0.7000000033024313      0.16810179455727117      0.0020808376161716986
0.5                       -0.7000000033024313      0.12201345313531982      -0.0027468093132298273
1.5                       -0.7000000033024313      0.25437709320956703      -0.03427702662534676
2.5                       -0.7000000033024313      0.4324592581916268       -0.02731991181087142
3.5                       -0.7000000033024313      0.47385596975952465      -0.0010001379940688946
4.5000000000000036        -0.7000000033024313      0.4751125060511367       9.132022381947127E-5
5.5000000000000036        -0.7000000033024313      0.47479729611294047      2.2827930253754924E-5
6.5000000000000036        -0.7000000033024313      0.4747469953778962       1.0853019779336479E-6
7.5000000000000036        -0.7000000033024313      0.4747463179070575       -2.249090788340356E-7
8.500000000000004         -0.7000000033024313      0.4747469925037302       -3.9864253993952324E-8
9.500000000000004         -0.7000000033024313      0.4747470727672151       -8.47469223401772E-10
10.500000000000004        -0.7000000033024313      0.47474707125224025      4.955377453780211E-10
11.500000000000004        -0.7000000033024313      0.4747470699050429       6.678240050666595E-11
12.500000000000004        -0.7000000033024313      0.47474706979167064      -4.613038367611966E-13
13.500000000000004        -0.7000000033024313      0.47474706979979503      -1.1093663763592472E-12
14.500000000000004        -0.7000000033024313      0.47474706980223613      -1.0621997396430353E-13
15.500000000000004        -0.7000000033024313      0.474747069802371        3.3633965615048808E-15
16.500000000000004        -0.7000000033024313      0.4747470698023607       1.7197263978291852E-15
17.500000000000004        -0.7000000033024313      0.47474706980235454      3.26962029374148E-16
18.500000000000004        -0.7000000033024313      0.4747470698023529       3.5668603487906383E-16
19.500000000000004        -0.7000000033024313      0.4747470698023529       1.4407898599423756E-15
-19.500000000000004       -0.50000000291391        0.7062986150548862       -2.9887559944388405E-12
-18.500000000000004       -0.50000000291391        0.7062986150753064       -1.266484299428586E-11
-17.500000000000004       -0.50000000291391        0.7062986150276885       7.079998937913393E-11
-16.500000000000004       -0.50000000291391        0.7062986134282976       1.4217448650546962E-9
-15.500000000000004       -0.50000000291391        0.7062986046212195       5.079845827253648E-9
-14.500000000000004       -0.50000000291391        0.706298651069116        -5.991400600605065E-8
-13.500000000000002       -0.50000000291391        0.7062995804052355       -7.711092751419956E-7
-12.500000000000002       -0.50000000291391        0.7063030252627619       -1.2749024736332203E-6
-11.500000000000002       -0.50000000291391        0.7062662862323117       6.0835274756614124E-5
-10.500000000000002       -0.50000000291391        0.7059464896996455       6.039926243294105E-4
-9.500000000000002        -0.50000000291391        0.7048852775536794       0.0021156373992704982
-8.500000000000002        -0.50000000291391        0.7025922571706348       0.004347262114372659
-7.5                      -0.50000000291391        0.6982039977963159       0.006759846411180808
-6.5                      -0.50000000291391        0.6893196915355768       0.0128630654572895
-5.5                      -0.50000000291391        0.6704822388368006       0.024295785387304918
-4.5                      -0.50000000291391        0.6424077057279042       0.025040981226826423
-3.5                      -0.50000000291391        0.6142949060877909       0.009631871418414492
-2.5                      -0.50000000291391        0.595971511446423        0.007187542216220224
-1.5                      -0.50000000291391        0.5760930132921642       0.009054972043789238
-0.5                      -0.50000000291391        0.5496958534570311       0.010212278144156832
0.5                       -0.50000000291391        0.5357584582609107       -0.005319017066308289
1.5                       -0.50000000291391        0.6026783984450425       -0.067243667155873
2.5                       -0.50000000291391        0.6636958408296557       -0.04476527759681944
3.5                       -0.50000000291391        0.696682088860836        -0.002495960365630922
4.5000000000000036        -0.50000000291391        0.6985322694616121       1.7692522558999103E-4
5.5000000000000036        -0.50000000291391        0.6982174077929807       5.2342172106368844E-5
6.5000000000000036        -0.50000000291391        0.6981581873039807       2.9219057999257806E-6
7.5000000000000036        -0.50000000291391        0.6981566509111589       -4.6733395340717544E-7
8.500000000000004         -0.50000000291391        0.6981573628272244       -9.250915549701144E-8
9.500000000000004         -0.50000000291391        0.6981574611199782       -2.793842735861061E-9
10.500000000000004        -0.50000000291391        0.6981574608189175       1.0649891896807174E-9
11.500000000000004        -0.50000000291391        0.6981574593433506       1.5280198400034324E-10
12.500000000000004        -0.50000000291391        0.698157459198333        -3.8552395039751573E-13
13.500000000000004        -0.50000000291391        0.6981574592051826       -2.3542864867963876E-12
14.500000000000004        -0.50000000291391        0.6981574592080431       -2.620727387289205E-13
15.500000000000004        -0.50000000291391        0.6981574592083668       4.634314975205172E-15
16.500000000000004        -0.50000000291391        0.6981574592083519       2.905900900228218E-15
17.500000000000004        -0.50000000291391        0.6981574592083503       5.801488934753416E-16
18.500000000000004        -0.50000000291391        0.6981574592083498       -9.042395594292193E-16
19.500000000000004        -0.50000000291391        0.6981574592083488       2.550013078522049E-15
-19.500000000000004       -0.3000000025253886      0.8569756548361321       -3.235894842659466E-12
-18.500000000000004       -0.3000000025253886      0.8569756548520823       -1.8960394165597716E-11
-17.500000000000004       -0.3000000025253886      0.856975654846963        1.3294216964021017E-10
-16.500000000000004       -0.3000000025253886      0.856975653561652        2.174158050956914E-9
-15.500000000000004       -0.3000000025253886      0.8569756476784882       6.9941569786185905E-9
-14.500000000000004       -0.3000000025253886      0.8569756865519377       -9.76615748584672E-8
-13.500000000000002       -0.3000000025253886      0.8569763900651091       -1.1580287427547485E-6
-12.500000000000002       -0.3000000025253886      0.8569786912405332       -1.5013543596649662E-6
-11.500000000000002       -0.3000000025253886      0.8569587247248728       7.834244600876583E-5
-10.500000000000002       -0.3000000025253886      0.8568780962159334       6.710386584066463E-4
-9.500000000000002        -0.3000000025253886      0.8568676824016025       0.002262561485956724
-8.500000000000002        -0.3000000025253886      0.8571571489326216       0.004584595451769916
-7.5                      -0.3000000025253886      0.8572909187109464       0.007388005139644285
-6.5                      -0.3000000025253886      0.8565996644313779       0.014225095852564729
-5.5                      -0.3000000025253886      0.8547726490744453       0.02692437262967731
-4.5                      -0.3000000025253886      0.8547329906691378       0.0281819540617918
-3.5                      -0.3000000025253886      0.8473704224321142       0.012535890924163018
-2.5                      -0.3000000025253886      0.8406548354819194       0.009526563539325668
-1.5                      -0.3000000025253886      0.8337510113898876       0.012095800493941192
-0.5                      -0.3000000025253886      0.8248281592453669       0.013818428178604396
0.5                       -0.3000000025253886      0.825894354560968        -0.008283152910011473
1.5                       -0.3000000025253886      0.842589382493017        -0.07721117580860222
2.5                       -0.3000000025253886      0.8313702629640016       -0.05150625389310969
3.5                       -0.3000000025253886      0.8458100361321372       -0.003919421051108403
4.5000000000000036        -0.3000000025253886      0.8473644841271847       2.374606211987295E-4
5.5000000000000036        -0.3000000025253886      0.8471453867508556       7.947515649915425E-5
6.5000000000000036        -0.3000000025253886      0.8470987013845588       4.915898757448349E-6
7.5000000000000036        -0.3000000025253886      0.8470971160530851       -6.631837400515342E-7
8.500000000000004         -0.3000000025253886      0.8470976409180258       -1.4202982252431106E-7
9.500000000000004         -0.3000000025253886      0.8470977205140371       -5.2064614114506665E-9
10.500000000000004        -0.3000000025253886      0.8470977202991072       1.5593480470328955E-9
11.500000000000004        -0.3000000025253886      0.8470977191937097       2.337719258087915E-10
12.500000000000004        -0.3000000025253886      0.8470977190511103       5.669528440915166E-13
13.500000000000004        -0.3000000025253886      0.8470977190511865       -3.6215982139471052E-12
14.500000000000004        -0.3000000025253886      0.8470977190533695       -4.130824553035446E-13
15.500000000000004        -0.3000000025253886      0.8470977190534899       -3.641782896506199E-15
16.500000000000004        -0.3000000025253886      0.8470977190534732       8.557579521599301E-16
17.500000000000004        -0.3000000025253886      0.8470977190534583       1.2774671118579303E-15
18.500000000000004        -0.3000000025253886      0.8470977190534579       -8.837696872765042E-16
19.500000000000004        -0.3000000025253886      0.8470977190534564       2.947465423158875E-15
-19.500000000000004       -0.10000000213686733     0.9323141750898899       -4.629500273340222E-12
-18.500000000000004       -0.10000000213686733     0.9323141750927167       -2.1498100448307896E-11
-17.500000000000004       -0.10000000213686733     0.93231417506975         1.561482310211352E-10
-16.500000000000004       -0.10000000213686733     0.9323141747700378       2.632989090256079E-9
-15.500000000000004       -0.10000000213686733     0.9323141720151661       7.726716183652899E-9
-14.500000000000004       -0.10000000213686733     0.9323141881003653       -1.2142342952589264E-7
-13.500000000000002       -0.10000000213686733     0.9323144321770324       -1.3822924640819471E-6
-12.500000000000002       -0.10000000213686733     0.9323151123449009       -1.5499388931505471E-6
-11.500000000000002       -0.10000000213686733     0.9323175316713024       8.198922974048166E-5
-10.500000000000002       -0.10000000213686733     0.9324557101893849       6.42588178047537E-4
-9.500000000000002        -0.10000000213686733     0.933267877463384        0.0021019957363999134
-8.500000000000002        -0.10000000213686733     0.935449407757169        0.004230871517366155
-7.5                      -0.10000000213686733     0.9389811488271654       0.0069478316024113845
-6.5                      -0.10000000213686733     0.9447337934140625       0.013539394311239501
-5.5                      -0.10000000213686733     0.9558929102962572       0.025413540905372782
-4.5                      -0.10000000213686733     0.9745826839013578       0.026637032874462074
-3.5                      -0.10000000213686733     0.9829507112399984       0.012926017681057292
-2.5                      -0.10000000213686733     0.985766141808181        0.009833915223736276
-1.5                      -0.10000000213686733     0.9888788382605167       0.012489762158639268
-0.5                      -0.10000000213686733     0.9929462403819023       0.014078692332152424
0.5                       -0.10000000213686733     0.9998341637756881       -0.009759060285183006
1.5                       -0.10000000213686733     0.9810129725515223       -0.07271548130057844
2.5                       -0.10000000213686733     0.9257301757841333       -0.0496821145113177
3.5                       -0.10000000213686733     0.921140906655508        -0.004683486461448933
4.5000000000000036        -0.10000000213686733     0.9216580061066116       2.6254677889367515E-4
5.5000000000000036        -0.10000000213686733     0.9215862350893326       9.573253820731027E-5
6.5000000000000036        -0.10000000213686733     0.9215684929143454       6.149761561974364E-6
7.5000000000000036        -0.10000000213686733     0.9215676374288287       -7.764367998771285E-7
8.500000000000004         -0.10000000213686733     0.9215678208240436       -1.7372077625280395E-7
9.500000000000004         -0.10000000213686733     0.9215678487214939       -6.663228574174197E-9
10.500000000000004        -0.10000000213686733     0.9215678497966432       1.816899548346867E-9
11.500000000000004        -0.10000000213686733     0.9215678494061297       2.8384593249968183E-10
12.500000000000004        -0.10000000213686733     0.9215678493454715       2.06808269476765E-12
13.500000000000004        -0.10000000213686733     0.921567849338671        -4.227622639084028E-12
14.500000000000004        -0.10000000213686733     0.9215678493379789       -4.951037543746282E-13
15.500000000000004        -0.10000000213686733     0.9215678493377447       -3.0763218731634797E-15
16.500000000000004        -0.10000000213686733     0.9215678493376831       4.571170456974918E-15
17.500000000000004        -0.10000000213686733     0.9215678493376795       3.5353503956780025E-16
18.500000000000004        -0.10000000213686733     0.9215678493376764       -9.082095175377477E-16
19.500000000000004        -0.10000000213686733     0.921567849337677        3.510835059429798E-15
-19.500000000000004       0.09999999825165418      0.9323141758202195       -4.59911796488346E-12
-18.500000000000004       0.09999999825165418      0.9323141758142631       -1.9990815608786183E-11
-17.500000000000004       0.09999999825165418      0.9323141758501786       1.6651957866043474E-10
-16.500000000000004       0.09999999825165418      0.9323141761647545       2.6420813372426474E-9
-15.500000000000004       0.09999999825165418      0.9323141794086645       8.087061123460728E-9
-14.500000000000004       0.09999999825165418      0.9323141670740992       -1.194562595426777E-7
-13.500000000000002       0.09999999825165418      0.9323139077684328       -1.3721412547574227E-6
-12.500000000000002       0.09999999825165418      0.9323131478866666       -1.6276532387691547E-6
-11.500000000000002       0.09999999825165418      0.9323354231838415       7.194351667292214E-5
-10.500000000000002       0.09999999825165418      0.932633539611216        5.378947968112444E-4
-9.500000000000002        0.09999999825165418      0.933992651142673        0.001736328946295587
-8.500000000000002        0.09999999825165418      0.9373605340285378       0.0034578444388329715
-7.5                      0.09999999825165418      0.9431139259920218       0.005808868701029634
-6.5                      0.09999999825165418      0.9531895705717497       0.011312775549394997
-5.5                      0.09999999825165418      0.9728833362959324       0.021091508797944702
-4.5                      0.09999999825165418      1.0027733810108352       0.022103220742118606
-3.5                      0.09999999825165418      1.0215430767980955       0.011329344482592981
-2.5                      0.09999999825165418      1.0311641163062433       0.008612874374646078
-1.5                      0.09999999825165418      1.0411912649470139       0.010916445202077041
-0.5                      0.09999999825165418      1.0538315594084013       0.01212614690180361
0.5                       0.09999999825165418      1.0620015242729814       -0.009305551457647773
1.5                       0.09999999825165418      1.02102958472368         -0.05985349983819317
2.5                       0.09999999825165418      0.9413421148284677       -0.04164655295566136
3.5                       0.09999999825165418      0.9221774017792828       -0.004513439981757263
4.5000000000000036        0.09999999825165418      0.921464690817675        2.567714040790126E-4
5.5000000000000036        0.09999999825165418      0.921549662437259        9.562394405937052E-5
6.5000000000000036        0.09999999825165418      0.9215672747552703       6.138394493142389E-6
7.5000000000000036        0.09999999825165418      0.921568074511384        -7.725736958151516E-7
8.500000000000004         0.09999999825165418      0.9215678825310579       -1.7288021909927266E-7
9.500000000000004         0.09999999825165418      0.9215678516672251       -6.846013002458047E-9
10.500000000000004        0.09999999825165418      0.9215678497712814       1.8451357675363442E-9
11.500000000000004        0.09999999825165418      0.921567850018734        2.875317061101523E-10
12.500000000000004        0.09999999825165418      0.9215678500554985       1.9804153709082884E-12
13.500000000000004        0.09999999825165418      0.9215678500615262       -4.196360802664618E-12
14.500000000000004        0.09999999825165418      0.9215678500610359       -5.540965152550265E-13
15.500000000000004        0.09999999825165418      0.9215678500609918       -5.935572397385523E-15
16.500000000000004        0.09999999825165418      0.9215678500609974       1.6197738644535115E-15
17.500000000000004        0.09999999825165418      0.921567850061009        -9.399446522748098E-16
18.500000000000004        0.09999999825165418      0.9215678500610085       -4.489213464328639E-16
19.500000000000004        0.09999999825165418      0.9215678500610097       3.028096867513818E-15
-19.500000000000004       0.29999999864017535      0.856975657028615        -3.4780611822070507E-12
-18.500000000000004       0.29999999864017535      0.8569756570128751       -1.9165310619177715E-11
-17.500000000000004       0.29999999864017535      0.8569756570408693       1.296301459720061E-10
-16.500000000000004       0.29999999864017535      0.8569756582654853       2.172370635738105E-9
-15.500000000000004       0.29999999864017535      0.856975663984295        6.915300939332489E-9
-14.500000000000004       0.29999999864017535      0.8569756214263043       -9.6524865982434E-8
-13.500000000000002       0.29999999864017535      0.8569749000350679       -1.1419277681379702E-6
-12.500000000000002       0.29999999864017535      0.8569725441286926       -1.5982355111207782E-6
-11.500000000000002       0.29999999864017535      0.8570049439580114       5.301830004813127E-5
-10.500000000000002       0.29999999864017535      0.8573831736301232       3.89145039197705E-4
-9.500000000000002        0.29999999864017535      0.8589802657224063       0.0012421829206175428
-8.500000000000002        0.29999999864017535      0.8628308130724047       0.0024724496144388096
-7.5                      0.29999999864017535      0.8695256519232726       0.004173957993224858
-6.5                      0.29999999864017535      0.881607302953965        0.008224745790187366
-5.5                      0.29999999864017535      0.9051878650040855       0.015263034342625832
-4.5                      0.29999999864017535      0.9396306059343266       0.016015843624522585
-3.5                      0.29999999864017535      0.9634716475014891       0.008465599497026058
-2.5                      0.29999999864017535      0.9767629837899194       0.006442380993930139
-1.5                      0.29999999864017535      0.9904395919635741       0.008175500695029033
-0.5                      0.29999999864017535      1.0074361063909822       0.009001015044024839
0.5                       0.29999999864017535      1.0150202616626196       -0.007286114446947563
1.5                       0.29999999864017535      0.9638238491055247       -0.04308390940719142
2.5                       0.29999999864017535      0.875782763833586        -0.03038161805400455
3.5                       0.29999999864017535      0.8483969842629799       -0.003537451749238314
4.5000000000000036        0.29999999864017535      0.8468266551883556       2.2395039446668536E-4
5.5000000000000036        0.29999999864017535      0.8470503472605497       7.932516362303269E-5
6.5000000000000036        0.29999999864017535      0.8470966486905886       4.906532603304607E-6
7.5000000000000036        0.29999999864017535      0.8470983034752715       -6.673758278825114E-7
8.500000000000004         0.29999999864017535      0.8470977957007609       -1.421129526778951E-7
9.500000000000004         0.29999999864017535      0.8470977198132513       -5.179393876633586E-9
10.500000000000004        0.29999999864017535      0.8470977200126251       1.5318130564995353E-9
11.500000000000004        0.29999999864017535      0.8470977211226276       2.3484189694524694E-10
12.500000000000004        0.29999999864017535      0.8470977212248167       1.0539119915595525E-12
13.500000000000004        0.29999999864017535      0.8470977212246211       -3.5403350578453204E-12
14.500000000000004        0.29999999864017535      0.84709772122337         -4.305069893603434E-13
15.500000000000004        0.29999999864017535      0.8470977212234081       5.809571187621979E-15
16.500000000000004        0.29999999864017535      0.8470977212234454       6.300953510886436E-15
17.500000000000004        0.29999999864017535      0.8470977212234484       5.31109088169393E-16
18.500000000000004        0.29999999864017535      0.8470977212234502       5.510223451973454E-16
19.500000000000004        0.29999999864017535      0.8470977212234518       1.838619502489994E-15
-19.500000000000004       0.49999999902869674      0.7062986187083542       -2.1853518448230946E-12
-18.500000000000004       0.49999999902869674      0.7062986186868304       -1.2955657616443131E-11
-17.500000000000004       0.49999999902869674      0.7062986187123023       7.476304380674646E-11
-16.500000000000004       0.49999999902869674      0.7062986203329791       1.427366499985482E-9
-15.500000000000004       0.49999999902869674      0.7062986292097662       5.014532008405143E-9
-14.500000000000004       0.49999999902869674      0.7062985852243192       -6.013359597973514E-8
-13.500000000000002       0.49999999902869674      0.7062976704673267       -7.559707412983507E-7
-12.500000000000002       0.49999999902869674      0.7062941837399933       -1.3813090015632644E-6
-11.500000000000002       0.49999999902869674      0.706325332070169        3.063953210863575E-5
-10.500000000000002       0.49999999902869674      0.7066931760166312       2.2911163872479023E-4
-9.500000000000002        0.49999999902869674      0.7082139514094371       7.312980089000035E-4
-8.500000000000002        0.49999999902869674      0.7118348145151093       0.0014546869371534574
-7.5                      0.49999999902869674      0.7181857030309093       0.0024672999623090294
-6.5                      0.49999999902869674      0.7298149718957307       0.004884976235833588
-5.5                      0.49999999902869674      0.7525975540779606       0.009087717433045813
-4.5                      0.49999999902869674      0.7853398397972797       0.009533650347866135
-3.5                      0.49999999902869674      0.8089228423109472       0.0051254415259211475
-2.5                      0.49999999902869674      0.8225208334896107       0.00390159735383899
-1.5                      0.49999999902869674      0.8364706225436583       0.004985933348457783
-0.5                      0.49999999902869674      0.8538498073040508       0.005490879098583494
0.5                       0.49999999902869674      0.8603159661557545       -0.004482900971315925
1.5                       0.49999999902869674      0.8100466917555049       -0.025580583343216626
2.5                       0.49999999902869674      0.7277286963120309       -0.01814165171274525
3.5                       0.49999999902869674      0.6995112432714166       -0.0021542720512602795
4.5000000000000036        0.49999999902869674      0.6977848195702288       1.6648650165119327E-4
5.5000000000000036        0.49999999902869674      0.6980974847029517       5.1991759684867047E-5
6.5000000000000036        0.49999999902869674      0.6981567167749895       2.940387983635332E-6
7.5000000000000036        0.49999999902869674      0.6981582788661168       -4.6668409489950115E-7
8.500000000000004         0.49999999902869674      0.6981575574759744       -9.29905205933206E-8
9.500000000000004         0.49999999902869674      0.6981574603413838       -2.7657789555224356E-9
10.500000000000004        0.49999999902869674      0.6981574611066722       1.0639228129058424E-9
11.500000000000004        0.49999999902869674      0.698157462663733        1.5145491775428043E-10
12.500000000000004        0.49999999902869674      0.6981574628341889       -8.224415954679027E-14
13.500000000000004        0.49999999902869674      0.6981574628282058       -2.329727427232153E-12
14.500000000000004        0.49999999902869674      0.6981574628252066       -2.5147921502207516E-13
15.500000000000004        0.49999999902869674      0.6981574628249729       5.219960356283084E-15
16.500000000000004        0.49999999902869674      0.6981574628249986       4.359203431947779E-15
17.500000000000004        0.49999999902869674      0.698157462825006        9.245033325378925E-16
18.500000000000004        0.49999999902869674      0.6981574628250041       1.2353186419941817E-16
19.500000000000004        0.49999999902869674      0.6981574628250043       1.3892408981684077E-16
-19.500000000000004       0.6999999994172179       0.4802830608682152       -1.000197967325724E-12
-18.500000000000004       0.6999999994172179       0.48028306084872424      -5.990858183113023E-12
-17.500000000000004       0.6999999994172179       0.4802830608579707       2.737035272432855E-11
-16.500000000000004       0.6999999994172179       0.4802830621950107       6.199701317268959E-10
-15.500000000000004       0.6999999994172179       0.4802830709661287       2.5188797814403247E-9
-14.500000000000004       0.6999999994172179       0.48028304183616716      -2.3649590107686358E-8
-13.500000000000002       0.6999999994172179       0.4802822539643068       -3.333508083456263E-7
-12.500000000000002       0.6999999994172179       0.480278665960502        -7.855865797542144E-7
-11.500000000000002       0.6999999994172179       0.4802990358053146       1.1823632148566444E-5
-10.500000000000002       0.6999999994172179       0.48056876870093196      9.242473275623234E-5
-9.500000000000002        0.6999999994172179       0.481697432348636        2.976590912233795E-4
-8.500000000000002        0.6999999994172179       0.4843868807048438       5.911961041440061E-4
-7.5                      0.6999999994172179       0.48911187498499253      0.0010034816046268933
-6.5                      0.6999999994172179       0.49782762915480455      0.0019996901237871855
-5.5                      0.6999999994172179       0.5150625107672535       0.0037464474664951684
-4.5                      0.6999999994172179       0.5398212421954247       0.003939998006019184
-3.5                      0.6999999994172179       0.5579039021524315       0.0021213243390078075
-2.5                      0.6999999994172179       0.5684131456991189       0.0016147805766434412
-1.5                      0.6999999994172179       0.5792678865391109       0.0020804083769250053
-0.5                      0.6999999994172179       0.5929576474058923       0.0023278393255881016
0.5                       0.6999999994172179       0.5979527941853058       -0.0018390033776361828
1.5                       0.6999999994172179       0.5593716562983222       -0.010622380199746444
2.5                       0.6999999994172179       0.49729226182669656      -0.007497559385869212
3.5                       0.6999999994172179       0.47554318989136124      -8.525230683311815E-4
4.5000000000000036        0.6999999994172179       0.47439269103600457      8.435963300827157E-5
5.5000000000000036        0.6999999994172179       0.47469707577536413      2.2649692044578106E-5
6.5000000000000036        0.6999999994172179       0.4747471525252621       1.0844120290006461E-6
7.5000000000000036        0.6999999994172179       0.4747478288307095       -2.2272955737772785E-7
8.500000000000004         0.6999999994172179       0.4747471519724723       -3.953397777503232E-8
9.500000000000004         0.6999999994172179       0.4747470717348441       -8.355207003746363E-10
10.500000000000004        0.6999999994172179       0.4747470733920311       4.899505864272747E-10
11.500000000000004        0.6999999994172179       0.4747470747597326       6.362946530433072E-11
12.500000000000004        0.6999999994172179       0.4747470748736403       -8.244808924051593E-13
13.500000000000004        0.6999999994172179       0.47474707486799284      -1.0259115538151778E-12
14.500000000000004        0.6999999994172179       0.4747470748658041       -1.0291031213139749E-13
15.500000000000004        0.6999999994172179       0.47474707486565565      9.169506344467353E-19
16.500000000000004        0.6999999994172179       0.4747470748656653       -2.1117069600940444E-15
17.500000000000004        0.6999999994172179       0.4747470748656687       -1.811357446490493E-15
18.500000000000004        0.6999999994172179       0.4747470748656691       7.642759504689393E-16
19.500000000000004        0.6999999994172179       0.4747470748656692       -6.03478393773517E-17
-19.500000000000004       0.8999999998057395       0.17892898350388536      -7.167788518329317E-14
-18.500000000000004       0.8999999998057395       0.17892898349544448      -9.274028514942195E-13
-17.500000000000004       0.8999999998057395       0.17892898348923097      2.3391098282852023E-12
-16.500000000000004       0.8999999998057395       0.17892898401531304      7.967639284429997E-11
-15.500000000000004       0.8999999998057395       0.1789289882854408       3.9577405614136127E-10
-14.500000000000004       0.8999999998057395       0.1789289819455755       -2.603487990703445E-9
-13.500000000000002       0.8999999998057395       0.17892865543001787      -4.3904501272025324E-8
-12.500000000000002       0.8999999998057395       0.17892681174451272      -1.3618202454043164E-7
-11.500000000000002       0.8999999998057395       0.17893259580906784      1.3277074019779464E-6
-10.500000000000002       0.8999999998057395       0.17903440183759478      1.1298477622630529E-5
-9.500000000000002        0.8999999998057395       0.179477424925861        3.6980057554661634E-5
-8.500000000000002        0.8999999998057395       0.18054295055238304      7.331862203130443E-5
-7.5                      0.8999999998057395       0.18240919247460263      1.2448357672800505E-4
-6.5                      0.8999999998057395       0.18585882958783764      2.491689023132448E-4
-5.5                      0.8999999998057395       0.19279131371071034      4.7301179480500655E-4
-4.5                      0.8999999998057395       0.20287563793171237      4.985915558126679E-4
-3.5                      0.8999999998057395       0.2102087240596074       2.63253544075727E-4
-2.5                      0.8999999998057395       0.21443300415351726      2.0272246672165998E-4
-1.5                      0.8999999998057395       0.21886094822841964      2.641415758208353E-4
-0.5                      0.8999999998057395       0.2245856552400698       3.0321935264493926E-4
0.5                       0.8999999998057395       0.22691541446558175      -2.244959144120518E-4
1.5                       0.8999999998057395       0.2111302227470396       -0.001360060688897545
2.5                       0.8999999998057395       0.1856234664453882       -9.495280254460534E-4
3.5                       0.8999999998057395       0.1769939896103045       -9.622565635744308E-5
4.5000000000000036        0.8999999998057395       0.1766986160179114       1.3027268680014036E-5
5.5000000000000036        0.8999999998057395       0.1768469409834016       2.936982161646859E-6
6.5000000000000036        0.8999999998057395       0.17686702922952197      1.0655910733287185E-7
7.5000000000000036        0.8999999998057395       0.1768668996000249       -3.24205545924292E-8
8.500000000000004         0.8999999998057395       0.17686658566594532      -4.9118590905841114E-9
9.500000000000004         0.8999999998057395       0.17686655531670487      -3.207731646215386E-11
10.500000000000004        0.8999999998057395       0.17686655672152754      7.030131490807076E-11
11.500000000000004        0.8999999998057395       0.1768665573137298       7.496822748612937E-12
12.500000000000004        0.8999999998057395       0.1768665573501068       -2.9754011720223504E-13
13.500000000000004        0.8999999998057395       0.17686655734658072      -1.2063280268638086E-13
14.500000000000004        0.8999999998057395       0.1768665573455087       -1.0418507847597005E-14
15.500000000000004        0.8999999998057395       0.1768665573454405       -1.4200754713509979E-15
16.500000000000004        0.8999999998057395       0.17686655734544032      -4.835872737686099E-15
17.500000000000004        0.8999999998057395       0.1768665573454446       -6.981837649915122E-16
18.500000000000004        0.8999999998057395       0.17686655734544535      -1.1045238249980462E-16
19.500000000000004        0.8999999998057395       0.17686655734544704      9.03035768638895E-17
