-19.500000000000004       -0.9002457750379314      0.1547946185600388       -3.389739431684777E-13
-18.500000000000004       -0.9002457750379314      0.1547946185787046       -2.0017245341111637E-12
-17.500000000000004       -0.9002457750379314      0.15479461859303795      5.224808039584283E-12
-16.500000000000004       -0.9002457750379314      0.154794617403159        1.794931321059411E-10
-15.500000000000004       -0.9002457750379314      0.15479460769003855      8.914117878587681E-10
-14.500000000000004       -0.9002457750379314      0.15479462199269173      -5.915230568929038E-9
-13.500000000000002       -0.9002457750379314      0.15479537499016469      -1.0317985332395734E-7
-12.500000000000002       -0.9002457750379314      0.15479983848315287      -3.315909823359098E-7
-11.500000000000002       -0.9002457750379314      0.15475426832926426      1.653083043935895E-5
-10.500000000000002       -0.9002457750379314      0.15333057467714953      3.599027664907915E-4
-9.500000000000002        -0.9002457750379314      0.1452986480480896       0.0013407767768106485
-8.500000000000002        -0.9002457750379314      0.12316731835224078      0.0024253531476718746
-7.5                      -0.9002457750379314      0.08369547619309378      0.0021450938237668163
-6.5                      -0.9002457750379314      0.012221969621471544     0.001161913928049823
1.5                       -0.9002457750379314      0.12615354882702917      -0.010316506611802537
2.5                       -0.9002457750379314      0.16409123396370884      -1.8174517918296618E-4
3.5                       -0.9002457750379314      0.16469857899820076      1.6667400572292555E-5
4.5000000000000036        -0.9002457750379314      0.16450389200550325      3.9459524229968565E-6
5.5000000000000036        -0.9002457750379314      0.16447550262821714      1.765442745437644E-7
6.5000000000000036        -0.9002457750379314      0.16447537652332814      -4.037036277338496E-8
7.5000000000000036        -0.9002457750379314      0.16447578291275566      -7.0027169402748126E-9
8.500000000000004         -0.9002457750379314      0.16447582816202722      -1.2630999643677E-10
9.500000000000004         -0.9002457750379314      0.1644758266979448       9.02514005093148E-11
10.500000000000004        -0.9002457750379314      0.16447582590186946      1.1311060490116369E-11
11.500000000000004        -0.9002457750379314      0.16447582584065912      -1.709877090459196E-13
12.500000000000004        -0.9002457750379314      0.164475825847364        -1.926673943586781E-13
13.500000000000004        -0.9002457750379314      0.164475825848603        -1.5561308811708286E-14
14.500000000000004        -0.9002457750379314      0.16447582584868942      2.6916854912422936E-15
15.500000000000004        -0.9002457750379314      0.16447582584867676      2.2137137816898083E-16
16.500000000000004        -0.9002457750379314      0.16447582584868006      -1.4581062029350578E-15
17.500000000000004        -0.9002457750379314      0.16447582584867682      -4.626795033639356E-16
18.500000000000004        -0.9002457750379314      0.16447582584867984      -2.1762015646373624E-16
19.500000000000004        -0.9002457750379314      0.16447582584867979      1.9239468261817553E-16
-19.500000000000004       -0.700219903981307       0.41621974078189583      -2.632199884653218E-12
-18.500000000000004       -0.700219903981307       0.4162197408253186       -1.3818653183324705E-11
-17.500000000000004       -0.700219903981307       0.41621974081143165      5.88374719852813E-11
-16.500000000000004       -0.700219903981307       0.4162197378110916       1.3959922830309294E-9
-15.500000000000004       -0.700219903981307       0.41621971799430024      5.7822299115062E-9
-14.500000000000004       -0.700219903981307       0.41621978537692617      -5.354927574690547E-8
-13.500000000000002       -0.700219903981307       0.41622161064210333      -7.779308756960883E-7
-12.500000000000002       -0.700219903981307       0.4162299860540768       -1.8123113113726994E-6
-11.500000000000002       -0.700219903981307       0.4161420201445725       7.594334331048784E-5
-10.500000000000002       -0.700219903981307       0.4149467189347732       9.753261119003615E-4
-9.500000000000002        -0.700219903981307       0.4097492858999224       0.0035723468089269915
-8.500000000000002        -0.700219903981307       0.3965984281631343       0.007327943339066647
-7.5                      -0.700219903981307       0.3722762534654531       0.010247447817987946
-6.5                      -0.700219903981307       0.3261939511745483       0.01734156539831795
-5.5                      -0.700219903981307       0.2284393985329275       0.02540268172019833
0.5                       -0.700219903981307       0.11505623250494297      -0.017865371294702028
1.5                       -0.700219903981307       0.3868565673630786       -0.03723073296270159
2.5                       -0.700219903981307       0.4405336636840392       -0.0015830835169817928
3.5                       -0.700219903981307       0.4427109797832445       1.0471464377437565E-4
4.5000000000000036        -0.700219903981307       0.44232167510014514      3.0864948960189205E-5
5.5000000000000036        -0.700219903981307       0.4422517221591338       1.7328552369583591E-6
6.5000000000000036        -0.700219903981307       0.4422500962843633       -2.746227702377538E-7
7.5000000000000036        -0.700219903981307       0.4422509570631382       -5.505945109557752E-8
8.500000000000004         -0.700219903981307       0.442251072249873        -1.7655992124878185E-9
9.500000000000004         -0.700219903981307       0.4422510713566872       6.259659791465789E-10
10.500000000000004        -0.700219903981307       0.44225106958579974      8.959894620396071E-11
11.500000000000004        -0.700219903981307       0.44225106941286174      7.31939137015715E-13
12.500000000000004        -0.700219903981307       0.4422510694226971       -1.2867749381417225E-12
13.500000000000004        -0.700219903981307       0.4422510694263142       -1.6689002182040418E-13
14.500000000000004        -0.700219903981307       0.44225106942651543      6.647544517355998E-15
15.500000000000004        -0.700219903981307       0.44225106942648096      2.8094381071852722E-15
16.500000000000004        -0.700219903981307       0.4422510694264789       1.596100380227396E-15
17.500000000000004        -0.700219903981307       0.4422510694264783       -5.870108503923506E-16
18.500000000000004        -0.700219903981307       0.4422510694264781       1.3350402376767802E-16
19.500000000000004        -0.700219903981307       0.4422510694264781       9.3107164066955E-16
-19.500000000000004       -0.5001940329246826      0.6122991470985778       -6.845963781754201E-12
-18.500000000000004       -0.5001940329246826      0.6122991471450678       -2.8785070134606483E-11
-17.500000000000004       -0.5001940329246826      0.6122991470374765       1.602490961650101E-10
-16.500000000000004       -0.5001940329246826      0.6122991434088886       3.2255250118306227E-9
-15.500000000000004       -0.5001940329246826      0.6122991233924513       1.1546817381222642E-8
-14.500000000000004       -0.5001940329246826      0.6122992285961951       -1.3578743364399664E-7
-13.500000000000002       -0.5001940329246826      0.6123013383923067       -1.750017859855472E-6
-12.500000000000002       -0.5001940329246826      0.612309174628284        -2.905819922612002E-6
-11.500000000000002       -0.5001940329246826      0.6122258412279609       1.3789229080723992E-4
-10.500000000000002       -0.5001940329246826      0.6114963289365167       0.0013691172056553166
-9.500000000000002        -0.5001940329246826      0.6090282226715117       0.0047958304760257016
-8.500000000000002        -0.5001940329246826      0.6034321200192259       0.009850151333157123
-7.5                      -0.5001940329246826      0.5922346442487589       0.015002666286297409
-6.5                      -0.5001940329246826      0.5690525641176668       0.027002044151752103
-5.5                      -0.5001940329246826      0.5162731353294399       0.04777807319272993
-4.5                      -0.5001940329246826      0.3895034636019668       0.05983819439925681
-3.5                      -0.5001940329246826      0.16396938100710415      0.02636978031664192
-0.5                      -0.5001940329246826      0.09809659257655712      -0.0017699557667532639
0.5                       -0.5001940329246826      0.4662959635127032       -0.09062568501749797
1.5                       -0.5001940329246826      0.6073490247542325       -0.05639273614610868
2.5                       -0.5001940329246826      0.6481235847088402       -0.003814451155363718
3.5                       -0.5001940329246826      0.6510599139113392       1.9465127573241314E-4
4.5000000000000036        -0.5001940329246826      0.6506770313153277       7.035999929209079E-5
5.5000000000000036        -0.5001940329246826      0.6505955664563999       4.5686339978095434E-6
6.5000000000000036        -0.5001940329246826      0.6505926809758547       -5.643900996120188E-7
7.5000000000000036        -0.5001940329246826      0.6505935918468067       -1.2666518839070935E-7
8.500000000000004         -0.5001940329246826      0.6505937284835961       -4.997326508379456E-9
9.500000000000004         -0.5001940329246826      0.6505937296301764       1.34420624525558E-9
10.500000000000004        -0.5001940329246826      0.6505937277010657       2.1327689800941284E-10
11.500000000000004        -0.5001940329246826      0.6505937274855224       2.2890543188450685E-12
12.500000000000004        -0.5001940329246826      0.6505937274930874       -3.0859930243832322E-12
13.500000000000004        -0.5001940329246826      0.6505937274971482       -3.706266565972314E-13
14.500000000000004        -0.5001940329246826      0.6505937274974526       -3.717413823156975E-15
15.500000000000004        -0.5001940329246826      0.6505937274974628       5.718324189805461E-15
16.500000000000004        -0.5001940329246826      0.6505937274974571       -2.495282230230879E-16
17.500000000000004        -0.5001940329246826      0.6505937274974588       1.6609594586095644E-15
18.500000000000004        -0.5001940329246826      0.6505937274974584       8.366462421535954E-16
19.500000000000004        -0.5001940329246826      0.6505937274974577       2.3099720900022754E-15
-19.500000000000004       -0.3001681618680583      0.7430328375109276       -7.342299364895881E-12
-18.500000000000004       -0.3001681618680583      0.743032837547161        -4.299571785396981E-11
-17.500000000000004       -0.3001681618680583      0.7430328375353675       3.0108387022525806E-10
-16.500000000000004       -0.3001681618680583      0.7430328346184341       4.93423519453757E-9
-15.500000000000004       -0.3001681618680583      0.7430328212301259       1.590666478635315E-8
-14.500000000000004       -0.3001681618680583      0.7430329093490803       -2.2142680893783687E-7
-13.500000000000002       -0.3001681618680583      0.743034507170977        -2.6290646716505076E-6
-12.500000000000002       -0.3001681618680583      0.7430397455715511       -3.4280722349667226E-6
-11.500000000000002       -0.3001681618680583      0.7429943966174435       1.7768313284350192E-4
-10.500000000000002       -0.3001681618680583      0.7428076341427711       0.0015238680160108038
-9.500000000000002        -0.3001681618680583      0.7427391703116155       0.005154037901704359
-8.500000000000002        -0.3001681618680583      0.7431549958831655       0.010503637845119951
-7.5                      -0.3001681618680583      0.7427342971201426       0.01672549186822221
-6.5                      -0.3001681618680583      0.7390820880702709       0.030863200539173755
-5.5                      -0.3001681618680583      0.726012192173882        0.0579177799247303
-4.5                      -0.3001681618680583      0.6864955331131113       0.08300461273455194
-3.5                      -0.3001681618680583      0.5910123620571526       0.06387412419060168
-2.5                      -0.3001681618680583      0.4655606570488897       0.03608694086008513
-1.5                      -0.3001681618680583      0.4291701334214249       3.495662224744883E-4
-0.5                      -0.3001681618680583      0.5800217490074014       -0.0626330554742057
0.5                       -0.3001681618680583      0.7348182812867214       -0.12339000060402978
1.5                       -0.3001681618680583      0.7698167197316105       -0.06488478371013601
2.5                       -0.3001681618680583      0.7875413473617916       -0.005853466756582904
3.5                       -0.3001681618680583      0.789831164149594        2.522705695257921E-4
4.5000000000000036        -0.3001681618680583      0.789569849174218        1.0664427798345286E-4
5.5000000000000036        -0.3001681618680583      0.7895058831853966       7.508454795245081E-6
6.5000000000000036        -0.3001681618680583      0.7895030339109698       -7.89498833540364E-7
7.5000000000000036        -0.3001681618680583      0.789503689202658        -1.9422671289295407E-7
8.500000000000004         -0.3001681618680583      0.7895037995673906       -8.625324963145647E-9
9.500000000000004         -0.3001681618680583      0.7895038019140054       1.9254743919638255E-9
10.500000000000004        -0.3001681618680583      0.7895038002396386       3.2929863816983754E-10
11.500000000000004        -0.3001681618680583      0.7895038000630075       3.92662949332493E-12
12.500000000000004        -0.3001681618680583      0.7895038000595883       -4.745557515468971E-12
13.500000000000004        -0.3001681618680583      0.7895038000614046       -6.215471914469641E-13
14.500000000000004        -0.3001681618680583      0.7895038000616655       -4.5416542214699484E-15
15.500000000000004        -0.3001681618680583      0.789503800061634        8.595238870996951E-15
16.500000000000004        -0.3001681618680583      0.7895038000616238       -3.815936174419435E-15
17.500000000000004        -0.3001681618680583      0.7895038000616229       7.305212135832691E-16
18.500000000000004        -0.3001681618680583      0.7895038000616218       9.181060791839968E-17
19.500000000000004        -0.3001681618680583      0.7895038000616208       2.7669404939814692E-15
-19.500000000000004       -0.10014229081143389     0.8084208120116702       -1.0519275748119324E-11
-18.500000000000004       -0.10014229081143389     0.8084208120180713       -4.8836550726741094E-11
-17.500000000000004       -0.10014229081143389     0.8084208119664731       3.539320834939242E-10
-16.500000000000004       -0.10014229081143389     0.8084208112822014       5.976975145122603E-9
-15.500000000000004       -0.10014229081143389     0.8084208050212016       1.7583127985652622E-8
-14.500000000000004       -0.10014229081143389     0.8084208415174583       -2.7537821049670466E-7
-13.500000000000002       -0.10014229081143389     0.8084213967819882       -3.138892599037305E-6
-12.500000000000002       -0.10014229081143389     0.8084229504409703       -3.542848617544425E-6
-11.500000000000002       -0.10014229081143389     0.8084283869133055       1.8604162344831106E-4
-10.500000000000002       -0.10014229081143389     0.8087394558595846       0.0014611873644677618
-9.500000000000002        -0.10014229081143389     0.8105608323382177       0.004805811535379814
-8.500000000000002        -0.10014229081143389     0.8154175411140736       0.009755518744397526
-7.5                      -0.10014229081143389     0.823136973762102        0.015910928321129284
-6.5                      -0.10014229081143389     0.8348769916599869       0.02989763515387056
-5.5                      -0.10014229081143389     0.8537874607905248       0.05771237334591348
-4.5                      -0.10014229081143389     0.8795264022493151       0.08601801602538825
-3.5                      -0.10014229081143389     0.8814107108055435       0.07687912013833077
-2.5                      -0.10014229081143389     0.8591148161685471       0.048737542706641074
-1.5                      -0.10014229081143389     0.8581564847018341       -0.00865142923490452
-0.5                      -0.10014229081143389     0.9044940767052009       -0.08599527964096028
0.5                       -0.10014229081143389     0.9095448874937133       -0.12726558339440708
1.5                       -0.10014229081143389     0.8646362816327813       -0.06370824686955719
2.5                       -0.10014229081143389     0.8584281548958376       -0.006862858011141246
3.5                       -0.10014229081143389     0.8590929315920116       2.7192404341080267E-4
4.5000000000000036        -0.10014229081143389     0.8590061771899962       1.276616243297925E-4
5.5000000000000036        -0.10014229081143389     0.8589822811154784       9.40274906108872E-6
6.5000000000000036        -0.10014229081143389     0.8589810572431668       -9.152381693069077E-7
7.5000000000000036        -0.10014229081143389     0.8589812471389566       -2.3725530288046113E-7
8.500000000000004         -0.10014229081143389     0.8589812871786553       -1.1619095598586731E-8
9.500000000000004         -0.10014229081143389     0.8589812874461211       2.3035767660061022E-9
10.500000000000004        -0.10014229081143389     0.8589812871853102       3.9499496449068353E-10
11.500000000000004        -0.10014229081143389     0.858981287124293        5.402645907538921E-12
12.500000000000004        -0.10014229081143389     0.8589812871208522       -5.541100451036317E-12
13.500000000000004        -0.10014229081143389     0.8589812871194611       -7.431287240127784E-13
14.500000000000004        -0.10014229081143389     0.8589812871190874       -1.1930813743320623E-14
15.500000000000004        -0.10014229081143389     0.8589812871189906       1.0856781730333339E-14
16.500000000000004        -0.10014229081143389     0.8589812871189685       1.252720586759704E-15
17.500000000000004        -0.10014229081143389     0.8589812871189693       7.166353448204815E-17
18.500000000000004        -0.10014229081143389     0.8589812871189672       -8.052342594559258E-17
19.500000000000004        -0.10014229081143389     0.858981287118967        3.464698523188568E-15
-19.500000000000004       0.0998835802451905       0.8084630706099273       -1.0482644458743387E-11
-18.500000000000004       0.0998835802451905       0.808463070596391        -4.54316008756823E-11
-17.500000000000004       0.0998835802451905       0.808463070677433        3.773196599360593E-10
-16.500000000000004       0.0998835802451905       0.8084630713911463       5.9982796888346086E-9
-15.500000000000004       0.0998835802451905       0.8084630787427899       1.839687120942514E-8
-14.500000000000004       0.0998835802451905       0.8084630507867966       -2.709692114918832E-7
-13.500000000000002       0.0998835802451905       0.808462462542326        -3.1162901675850488E-6
-12.500000000000002       0.0998835802451905       0.8084607359094447       -3.721061850316183E-6
-11.500000000000002       0.0998835802451905       0.8085112231629689       1.6328223738631468E-4
-10.500000000000002       0.0998835802451905       0.8091872325283831       0.0012243421968547528
-9.500000000000002        0.0998835802451905       0.8122724342826614       0.003978702004697174
-8.500000000000002        0.0998835802451905       0.8199450744915742       0.008008666676120985
-7.5                      0.0998835802451905       0.8330230616152429       0.013374573696892485
-6.5                      0.0998835802451905       0.8551854710590177       0.025273368439978086
-5.5                      0.0998835802451905       0.8963765357840573       0.04969007534954445
-4.5                      0.0998835802451905       0.965698241491145        0.07558598613814012
-3.5                      0.0998835802451905       1.0338567443591569       0.0721619298339365
-2.5                      0.0998835802451905       1.0798846467606187       0.047175493485189714
-1.5                      0.0998835802451905       1.0990159175505971       -0.011668398305200129
-0.5                      0.0998835802451905       1.0759472192914397       -0.08403739433357059
0.5                       0.0998835802451905       0.9839749408447933       -0.11090939970626217
1.5                       0.0998835802451905       0.8854562402998202       -0.054570775190936886
2.5                       0.0998835802451905       0.8601083645781197       -0.006494304017613095
3.5                       0.0998835802451905       0.8588983646516988       2.6751881265925246E-4
4.5000000000000036        0.0998835802451905       0.8590008866905506       1.2796241851623045E-4
5.5000000000000036        0.0998835802451905       0.8590252823538784       9.40352467948392E-6
6.5000000000000036        0.0998835802451905       0.859026433178034        -9.187792657051859E-7
7.5000000000000036        0.0998835802451905       0.8590262326461857       -2.3589776823008937E-7
8.500000000000004         0.0998835802451905       0.8590261899458733       -1.1269885299506315E-8
9.500000000000004         0.0998835802451905       0.8590261886643479       2.2308616383732965E-9
10.500000000000004        0.0998835802451905       0.8590261886550179       4.045262333069237E-10
11.500000000000004        0.0998835802451905       0.8590261886722774       6.816910321400963E-12
12.500000000000004        0.0998835802451905       0.859026188668323        -5.5039913103759636E-12
13.500000000000004        0.0998835802451905       0.8590261886694767       -7.196836968347875E-13
14.500000000000004        0.0998835802451905       0.8590261886694753       -1.8949291647190236E-14
15.500000000000004        0.0998835802451905       0.8590261886694897       8.386591948963829E-15
16.500000000000004        0.0998835802451905       0.8590261886694924       -2.061396467639791E-15
17.500000000000004        0.0998835802451905       0.859026188669496        1.0189118981746935E-15
18.500000000000004        0.0998835802451905       0.8590261886694955       1.5655518363589492E-16
19.500000000000004        0.0998835802451905       0.8590261886694956       2.738571543549222E-15
-19.500000000000004       0.2999094513018148       0.743159613309147        -7.953346363436636E-12
-18.500000000000004       0.2999094513018148       0.7431596132733587       -4.3514259439038676E-11
-17.500000000000004       0.2999094513018148       0.7431596133366539       2.937551213754084E-10
-16.500000000000004       0.2999094513018148       0.7431596161159253       4.932067078220253E-9
-15.500000000000004       0.2999094513018148       0.7431596291167978       1.5733760512332405E-8
-14.500000000000004       0.2999094513018148       0.7431595326819406       -2.1894213019875511E-7
-13.500000000000002       0.2999094513018148       0.7431578952520463       -2.5935615661117602E-6
-12.500000000000002       0.2999094513018148       0.7431525371911754       -3.6501493109148955E-6
-11.500000000000002       0.2999094513018148       0.7432260192300132       1.2034677240484741E-4
-10.500000000000002       0.2999094513018148       0.744085461884656        8.864202606056216E-4
-9.500000000000002        0.2999094513018148       0.747728385326269        0.0028516423243349926
-8.500000000000002        0.2999094513018148       0.7565794561390078       0.005747744873151609
-7.5                      0.2999094513018148       0.7720121826987764       0.0096622516694341
-6.5                      0.2999094513018148       0.7992029159842097       0.018540061275316957
-5.5                      0.2999094513018148       0.8517191759654399       0.03686223489720487
-4.5                      0.2999094513018148       0.9434603743206237       0.05663723868370889
-3.5                      0.2999094513018148       1.0478062215074215       0.056160870495374896
-2.5                      0.2999094513018148       1.1315832510265464       0.037089634432316824
-1.5                      0.2999094513018148       1.160066776238332        -0.010504491755964697
-0.5                      0.2999094513018148       1.097514876012727        -0.06645914905340698
0.5                       0.2999094513018148       0.9539053083314311       -0.08325788354668132
1.5                       0.2999094513018148       0.8282069256839893       -0.04039967719467142
2.5                       0.2999094513018148       0.7917567512328122       -0.005060943661039282
3.5                       0.2999094513018148       0.7893040616521451       2.40802395668835E-4
4.5000000000000036        0.2999094513018148       0.7895729324840948       1.0596246215460651E-4
5.5000000000000036        0.2999094513018148       0.7896365045799412       7.5522095038116995E-6
6.5000000000000036        0.2999094513018148       0.7896392428200627       -7.913353530284372E-7
7.5000000000000036        0.2999094513018148       0.7896386092072358       -1.9511135336205014E-7
8.500000000000004         0.2999094513018148       0.7896385039366384       -8.689901750998307E-9
9.500000000000004         0.2999094513018148       0.7896385028983125       1.9296614227945026E-9
10.500000000000004        0.2999094513018148       0.7896385045463409       3.2173418979946793E-10
11.500000000000004        0.2999094513018148       0.7896385047239687       4.114611088625408E-12
12.500000000000004        0.2999094513018148       0.7896385047148777       -4.6362279727730545E-12
13.500000000000004        0.2999094513018148       0.7896385047130668       -6.067779723228032E-13
14.500000000000004        0.2999094513018148       0.7896385047131084       -9.651264926712266E-15
15.500000000000004        0.2999094513018148       0.7896385047131919       7.0805347144439815E-15
16.500000000000004        0.2999094513018148       0.7896385047132062       5.514699632814864E-16
17.500000000000004        0.2999094513018148       0.7896385047132048       1.4697103827948483E-15
18.500000000000004        0.2999094513018148       0.7896385047132045       4.3632048677161245E-16
19.500000000000004        0.2999094513018148       0.7896385047132062       1.7558358977590906E-15
-19.500000000000004       0.4999353223584393       0.6125104400940985       -4.999674594373592E-12
-18.500000000000004       0.4999353223584393       0.6125104400452115       -2.941419028399733E-11
-17.500000000000004       0.4999353223584393       0.6125104401028162       1.6940165269150984E-10
-16.500000000000004       0.4999353223584393       0.6125104437809078       3.240703083210643E-9
-15.500000000000004       0.4999353223584393       0.6125104639526721       1.140622183353888E-8
-14.500000000000004       0.4999353223584393       0.6125103642876931       -1.3639504168686321E-7
-13.500000000000002       0.4999353223584393       0.6125082876584512       -1.7169902026601718E-6
-12.500000000000002       0.4999353223584393       0.6125003581342162       -3.1506153981104892E-6
-11.500000000000002       0.4999353223584393       0.6125709996103401       6.95494116485587E-5
-10.500000000000002       0.4999353223584393       0.6134076189882356       5.221256999303508E-4
-9.500000000000002        0.4999353223584393       0.6168851551053663       0.001681068890377268
-8.500000000000002        0.4999353223584393       0.625249051285111        0.0033906830945126215
-7.5                      0.4999353223584393       0.6400012855103376       0.005735521013564173
-6.5                      0.4999353223584393       0.6664527978636503       0.011061463754707072
-5.5                      0.4999353223584393       0.7187722149679239       0.02226861551307908
-4.5                      0.4999353223584393       0.811606208646866        0.03452980566314699
-3.5                      0.4999353223584393       0.9228458491443625       0.03501500079827152
-2.5                      0.4999353223584393       1.016551568131067        0.023342633996256038
-1.5                      0.4999353223584393       1.0461704100721767       -0.007118032806123904
-0.5                      0.4999353223584393       0.9705985667095054       -0.04190638342892893
0.5                       0.4999353223584393       0.816777421735201        -0.0508173135271691
1.5                       0.4999353223584393       0.69091825811007         -0.024408728821075316
2.5                       0.4999353223584393       0.6530317207216995       -0.0030690263709767657
3.5                       0.4999353223584393       0.6503583679619106       1.8150843280022465E-4
4.5000000000000036        0.4999353223584393       0.6507348458651578       7.000660112450521E-5
5.5000000000000036        0.4999353223584393       0.6508163741231586       4.567634796063418E-6
6.5000000000000036        0.4999353223584393       0.6508192784599628       -5.608413356107446E-7
7.5000000000000036        0.4999353223584393       0.6508183738880776       -1.2732866337150953E-7
8.500000000000004         0.4999353223584393       0.6508182336457093       -5.1985393676716355E-9
9.500000000000004         0.4999353223584393       0.6508182329395006       1.3533668412167622E-9
10.500000000000004        0.4999353223584393       0.6508182350137622       2.1083859390687044E-10
11.500000000000004        0.4999353223584393       0.6508182352539665       1.8590658947204597E-12
12.500000000000004        0.4999353223584393       0.6508182352542091       -3.021635456797481E-12
13.500000000000004        0.4999353223584393       0.6508182352504255       -3.7088789304715305E-13
14.500000000000004        0.4999353223584393       0.6508182352500722       -3.703785489523241E-15
15.500000000000004        0.4999353223584393       0.6508182352500899       6.575562106647272E-15
16.500000000000004        0.4999353223584393       0.6508182352500983       -9.172832237718228E-16
17.500000000000004        0.4999353223584393       0.6508182352500977       6.504975237130667E-16
18.500000000000004        0.4999353223584393       0.6508182352500974       1.0834010254943963E-15
19.500000000000004        0.4999353223584393       0.6508182352500981       7.633354941555269E-16
-19.500000000000004       0.6999611934150636       0.41651555098470405      -2.3455129006065704E-12
-18.500000000000004       0.6999611934150636       0.4165155509404718       -1.364965445585472E-11
-17.500000000000004       0.6999611934150636       0.416515550961124        6.197055789585587E-11
-16.500000000000004       0.6999611934150636       0.41651555399552354      1.4076026970378172E-9
-15.500000000000004       0.6999611934150636       0.41651557392369337      5.7287804427455515E-9
-14.500000000000004       0.6999611934150636       0.4165155079731981       -5.3629568818137926E-8
-13.500000000000002       0.6999611934150636       0.41651371938710496      -7.570918626562353E-7
-12.500000000000002       0.6999611934150636       0.41650556074074446      -1.7902701391528977E-6
-11.500000000000002       0.6999611934150636       0.4165517311191373       2.68325199908109E-5
-10.500000000000002       0.6999611934150636       0.41716542286975405      2.106616337422209E-4
-9.500000000000002        0.6999611934150636       0.4197496915130726       6.848113834779975E-4
-8.500000000000002        0.6999611934150636       0.42598110156850016      0.001380775715603359
-7.5                      0.6999611934150636       0.4370133233016943       0.002339959041395688
-6.5                      0.6999611934150636       0.4569677246570374       0.004541614912911515
-5.5                      0.6999611934150636       0.4970841486439943       0.009251875254430128
-4.5                      0.6999611934150636       0.5694737869512883       0.014530798508711947
-3.5                      0.6999611934150636       0.6586067680510429       0.01495550097399022
-2.5                      0.6999611934150636       0.7353800904457426       0.010042618497534322
-1.5                      0.6999611934150636       0.759084201379908        -0.0031439822554341166
-0.5                      0.6999611934150636       0.6951340589676469       -0.01805707035452731
0.5                       0.6999611934150636       0.5711479158165491       -0.02139673242938491
1.5                       0.6999611934150636       0.47320715417845066      -0.010136786868427523
2.5                       0.6999611934150636       0.4439386932469022       -0.0012105721294648672
3.5                       0.6999611934150636       0.442118850439685        9.623643867149842E-5
4.5000000000000036        0.6999611934150636       0.4424951360961785       3.074983382526603E-5
5.5000000000000036        0.6999611934150636       0.4425647420733853       1.7315798537780459E-6
6.5000000000000036        0.6999611934150636       0.4425663548511473       -2.7473854148896315E-7
7.5000000000000036        0.6999611934150636       0.4425654932872659       -5.461470453245604E-8
8.500000000000004         0.6999611934150636       0.44256537738692786      -1.6367737370218343E-9
9.500000000000004         0.6999611934150636       0.4425653782946219       6.316631835279047E-10
10.500000000000004        0.6999611934150636       0.4425653801137496       8.82175767598866E-11
11.500000000000004        0.6999611934150636       0.44256538029288806      -2.060796687998429E-13
12.500000000000004        0.6999611934150636       0.4425653802831145       -1.3972267604063746E-12
13.500000000000004        0.6999611934150636       0.4425653802802666       -1.436829009820381E-13
14.500000000000004        0.6999611934150636       0.44256538028013787      4.505883700815274E-15
15.500000000000004        0.6999611934150636       0.44256538028016734      -2.3503220658630283E-15
16.500000000000004        0.6999611934150636       0.44256538028017095      -2.7756697649418223E-15
17.500000000000004        0.6999611934150636       0.4425653802801711       7.384879692535164E-16
18.500000000000004        0.6999611934150636       0.44256538028017206      7.464159824154786E-16
19.500000000000004        0.6999611934150636       0.44256538028017217      -4.924031917869436E-18
-19.500000000000004       0.8999870644716881       0.15517494597118228      -2.309437727917623E-13
-18.500000000000004       0.8999870644716881       0.1551749459520373       -2.1125524628286433E-12
-17.500000000000004       0.8999870644716881       0.15517494593774928      5.293789798281643E-12
-16.500000000000004       0.8999870644716881       0.155174947131567        1.8089947030391224E-10
-15.500000000000004       0.8999870644716881       0.15517495683156865      8.998180398834725E-10
-14.500000000000004       0.8999870644716881       0.1551749425208666       -5.901185144710059E-9
-13.500000000000002       0.8999870644716881       0.15517420136276833      -9.969981794491979E-8
-12.500000000000002       0.8999870644716881       0.15517001025036128      -3.1004561193371863E-7
-11.500000000000002       0.8999870644716881       0.15518309983155593      3.0117619936771382E-6
-10.500000000000002       0.8999870644716881       0.15541469698311242      2.5749783635044445E-5
-9.500000000000002        0.8999870644716881       0.15642952818359612      8.51061783204318E-5
-8.500000000000002        0.8999870644716881       0.15890293879372874      1.7150427169770787E-4
-7.5                      0.8999870644716881       0.16327923356718496      2.911624243303922E-4
-6.5                      0.8999870644716881       0.1712102510145411       5.66049306842436E-4
-5.5                      0.8999870644716881       0.1873930646509856       0.0011662219920830334
-4.5                      0.8999870644716881       0.2172239804206414       0.0018508167639210234
-3.5                      0.8999870644716881       0.2545903332757795       0.001921165717368166
-2.5                      0.8999870644716881       0.28732887294431364      0.0013054432845492482
-1.5                      0.8999870644716881       0.2974445958058862       -4.1316784641265295E-4
-0.5                      0.8999870644716881       0.26979354550899676      -0.002340552962174423
0.5                       0.8999870644716881       0.21725149659304632      -0.002748341881649775
1.5                       0.8999870644716881       0.1767477976650857       -0.0012748553578463104
2.5                       0.8999870644716881       0.16517929194596406      -1.3829642218869432E-4
3.5                       0.8999870644716881       0.16466521713043814      1.5385953955367458E-5
4.5000000000000036        0.8999870644716881       0.16485193942463774      3.938473265043128E-6
5.5000000000000036        0.8999870644716881       0.16488026015483412      1.8138424963684885E-7
6.5000000000000036        0.8999870644716881       0.1648803899595112       -4.042256535915121E-8
7.5000000000000036        0.8999870644716881       0.16487998288146805      -7.005709029758975E-9
8.500000000000004         0.8999870644716881       0.16487993745185778      -1.250921924609367E-10
9.500000000000004         0.8999870644716881       0.16487993894517292      9.158240074586907E-11
10.500000000000004        0.8999870644716881       0.16487993975065873      1.1478652181397465E-11
11.500000000000004        0.8999870644716881       0.16487993981181268      -2.8262647187672844E-13
12.500000000000004        0.8999870644716881       0.16487993980469579      -2.0333216348311523E-13
13.500000000000004        0.8999870644716881       0.16487993980349158      -1.3472247566197164E-14
14.500000000000004        0.8999870644716881       0.16487993980341945      4.246436725131275E-15
15.500000000000004        0.8999870644716881       0.16487993980342747      1.531160386573918E-15
16.500000000000004        0.8999870644716881       0.16487993980342802      -1.3854739133505959E-15
17.500000000000004        0.8999870644716881       0.1648799398034271       3.3953549558626527E-16
18.500000000000004        0.8999870644716881       0.16487993980342908      -6.372511007398605E-19
19.500000000000004        0.8999870644716881       0.16487993980342913      -4.202554157914474E-16
