-19.500000000000004       -0.9000000037888172      0.173783736139228        -1.579572888837055E-13
-18.500000000000004       -0.9000000037888172      0.17378373614827375      -9.513427219544297E-13
-17.500000000000004       -0.9000000037888172      0.17378373615411377      2.7497429174492345E-12
-16.500000000000004       -0.9000000037888172      0.17378373557123644      8.732809393956861E-11
-15.500000000000004       -0.9000000037888172      0.17378373091779908      4.240344022401302E-10
-14.500000000000004       -0.9000000037888172      0.17378373849844295      -2.947518733147759E-9
-13.500000000000002       -0.9000000037888172      0.17378410546022677      -5.0176191315266844E-8
-12.500000000000002       -0.9000000037888172      0.17378625075932522      -1.582995455955564E-7
-11.500000000000002       -0.9000000037888172      0.17376219899886172      9.553317918099784E-6
-10.500000000000002       -0.9000000037888172      0.17307851298988983      2.3291425400247528E-4
-9.500000000000002        -0.9000000037888172      0.16973551568861703      9.697866051283144E-4
-8.500000000000002        -0.9000000037888172      0.16175445063459487      0.0022346745911474867
-7.5                      -0.9000000037888172      0.14930399659494592      0.00340911662592017
-6.5                      -0.9000000037888172      0.13128731304404798      0.0054244849593411675
-5.5                      -0.9000000037888172      0.09825636818388611      0.00866436545467497
-4.5                      -0.9000000037888172      0.03359371502776807      0.012351242033721252
0.5                       -0.9000000037888172      0.13570914511581889      -0.0037893108814643223
1.5                       -0.9000000037888172      0.18861665584382092      -2.87978688894076E-4
2.5                       -0.9000000037888172      0.1900280741105115       2.7571881681773042E-6
3.5                       -0.9000000037888172      0.18993808619160316      3.075657482976174E-6
4.5000000000000036        -0.9000000037888172      0.18991295101858266      2.786828638545566E-7
5.5000000000000036        -0.9000000037888172      0.18991157714573798      -1.5428251658199996E-8
6.5000000000000036        -0.9000000037888172      0.18991180542098052      -5.856973378059019E-9
7.5000000000000036        -0.9000000037888172      0.18991184985602755      -4.073083890821327E-10
8.500000000000004         -0.9000000037888172      0.18991185126265342      4.367901454113917E-11
9.500000000000004         -0.9000000037888172      0.18991185072145061      1.0695084301865065E-11
10.500000000000004        -0.9000000037888172      0.1899118506487636       4.4482413268950316E-13
11.500000000000004        -0.9000000037888172      0.1899118506492765       -1.169447900989272E-13
12.500000000000004        -0.9000000037888172      0.18991185065063054      -1.931230107591074E-14
13.500000000000004        -0.9000000037888172      0.18991185065070632      -2.2359274257071816E-15
14.500000000000004        -0.9000000037888172      0.18991185065070282      1.2857876358162221E-15
15.500000000000004        -0.9000000037888172      0.18991185065070024      -7.650643241587395E-16
16.500000000000004        -0.9000000037888172      0.18991185065070332      -1.2127678853555705E-15
17.500000000000004        -0.9000000037888172      0.18991185065069977      -1.202051158299374E-15
18.500000000000004        -0.9000000037888172      0.18991185065070307      7.2474490807605E-16
19.500000000000004        -0.9000000037888172      0.18991185065070226      2.391260807263237E-16
-19.500000000000004       -0.7000000033899944      0.4664721462500188       -1.2260908784753432E-12
-18.500000000000004       -0.7000000033899944      0.46647214627083855      -6.604510532384342E-12
-17.500000000000004       -0.7000000033899944      0.46647214626075634      2.971227450476045E-11
-16.500000000000004       -0.7000000033899944      0.466472144797748        6.771135030407745E-10
-15.500000000000004       -0.7000000033899944      0.46647213533661136      2.732898483284329E-9
-14.500000000000004       -0.7000000033899944      0.4664721693342778       -2.6477800817555022E-8
-13.500000000000002       -0.7000000033899944      0.466473054745456        -3.766771915909643E-7
-12.500000000000002       -0.7000000033899944      0.4664770399604065       -8.451853592511558E-7
-11.500000000000002       -0.7000000033899944      0.4664329742144229       3.955110807265688E-5
-10.500000000000002       -0.7000000033899944      0.46589390126948393      5.059514928953588E-4
-9.500000000000002        -0.7000000033899944      0.4638613549678362       0.0018205998968708233
-8.500000000000002        -0.7000000033899944      0.45943803232526653      0.003846519835529404
-7.5                      -0.7000000033899944      0.45269176384837023      0.005615944920123779
-6.5                      -0.7000000033899944      0.4422988579270066       0.00912437646542378
-5.5                      -0.7000000033899944      0.4230103851958881       0.015811807901441877
-4.5                      -0.7000000033899944      0.38459949057844717      0.02646644693043499
-3.5                      -0.7000000033899944      0.3137669368417082       0.036401383313006824
-2.5                      -0.7000000033899944      0.22894570442327433      0.03154011896023329
-1.5                      -0.7000000033899944      0.23546251496644055      0.014304650774650656
-0.5                      -0.7000000033899944      0.35824099117158675      -0.0139111427521396
0.5                       -0.7000000033899944      0.46813048076720315      -0.023998298046957054
1.5                       -0.7000000033899944      0.5063499248631603       -0.0021975379740926766
2.5                       -0.7000000033899944      0.5099611621121328       -2.3844470753804675E-6
3.5                       -0.7000000033899944      0.509824891957798        2.2669470026209708E-5
4.5000000000000036        -0.7000000033899944      0.509767002641984        2.4061590135342226E-6
5.5000000000000036        -0.7000000033899944      0.5097628721010472       -7.965010436228552E-8
6.5000000000000036        -0.7000000033899944      0.5097632933346058       -4.414234248011548E-8
7.5000000000000036        -0.7000000033899944      0.5097633984591845       -3.541488771731614E-9
8.500000000000004         -0.7000000033899944      0.5097634033996963       2.7224712328530053E-10
9.500000000000004         -0.7000000033899944      0.5097634023229317       8.001773024209501E-11
10.500000000000004        -0.7000000033899944      0.5097634021424773       3.978124067278154E-12
11.500000000000004        -0.7000000033899944      0.5097634021394429       -6.771011317762653E-13
12.500000000000004        -0.7000000033899944      0.5097634021420973       -1.3174597038778052E-13
13.500000000000004        -0.7000000033899944      0.5097634021424288       -9.827425429937668E-15
14.500000000000004        -0.7000000033899944      0.5097634021424198       2.8423109397902475E-15
15.500000000000004        -0.7000000033899944      0.5097634021424122       -1.2098671132143234E-15
16.500000000000004        -0.7000000033899944      0.509763402142411        1.754043476121994E-15
17.500000000000004        -0.7000000033899944      0.5097634021424114       -7.160130819902493E-16
18.500000000000004        -0.7000000033899944      0.5097634021424128       -1.0099038722951882E-15
19.500000000000004        -0.7000000033899944      0.5097634021424116       8.80920419371413E-16
-19.500000000000004       -0.5000000029911715      0.6859884540153965       -3.254783801027828E-12
-18.500000000000004       -0.5000000029911715      0.6859884540375881       -1.3758959714908321E-11
-17.500000000000004       -0.5000000029911715      0.6859884539842804       8.045285206912194E-11
-16.500000000000004       -0.5000000029911715      0.6859884522222012       1.561136512043296E-9
-15.500000000000004       -0.5000000029911715      0.6859884426865699       5.4223253845365665E-9
-14.500000000000004       -0.5000000029911715      0.6859884949770632       -6.688562970317721E-8
-13.500000000000002       -0.5000000029911715      0.6859895156391725       -8.456419765912579E-7
-12.500000000000002       -0.5000000029911715      0.6859932039137091       -1.321144109415207E-6
-11.500000000000002       -0.5000000029911715      0.6859528204206742       6.933425634279038E-5
-10.500000000000002       -0.5000000029911715      0.6856473307166252       6.682025394066884E-4
-9.500000000000002        -0.5000000029911715      0.6848077049670547       0.0022453906509347313
-8.500000000000002        -0.5000000029911715      0.6833215851381216       0.00456540637311242
-7.5                      -0.5000000029911715      0.6812082886019551       0.006698060785353858
-6.5                      -0.5000000029911715      0.6775487738443874       0.010949908958213761
-5.5                      -0.5000000029911715      0.6703350513943899       0.019467476918068327
-4.5                      -0.5000000029911715      0.654954488534527        0.033802697892247394
-3.5                      -0.5000000029911715      0.6270338279214466       0.048212395314089815
-2.5                      -0.5000000029911715      0.5987723216157156       0.03874697922180226
-1.5                      -0.5000000029911715      0.6129677437664589       0.0019237368758071166
-0.5                      -0.5000000029911715      0.6756756985384521       -0.03375346035150714
0.5                       -0.5000000029911715      0.7253229110611044       -0.03385368022142948
1.5                       -0.5000000029911715      0.7459091693677373       -0.0046824651625930755
2.5                       -0.5000000029911715      0.7498138858131852       -4.4788071729671247E-5
3.5                       -0.5000000029911715      0.7497214958332201       4.957373029214735E-5
4.5000000000000036        -0.5000000029911715      0.7496569347380858       5.8379236235239046E-6
5.5000000000000036        -0.5000000029911715      0.7496515483043366       -1.1547355817135722E-7
6.5000000000000036        -0.5000000029911715      0.749651938743015        -9.900913822498425E-8
7.5000000000000036        -0.5000000029911715      0.7496520605062714       -8.652193200898395E-9
8.500000000000004         -0.5000000029911715      0.7496520672202956       5.496135602515805E-10
9.500000000000004         -0.5000000029911715      0.7496520661767406       1.8435602682726567E-10
10.500000000000004        -0.5000000029911715      0.7496520659634686       1.1033587942259941E-11
11.500000000000004        -0.5000000029911715      0.749652065957309        -1.5998519407560925E-12
12.500000000000004        -0.5000000029911715      0.7496520659601118       -3.57398451528578E-13
13.500000000000004        -0.5000000029911715      0.7496520659605137       -1.6884810496137514E-14
14.500000000000004        -0.5000000029911715      0.7496520659605107       2.2521055980697223E-15
15.500000000000004        -0.5000000029911715      0.7496520659605137       1.4887863480198581E-15
16.500000000000004        -0.5000000029911715      0.7496520659605116       2.879551113981491E-16
17.500000000000004        -0.5000000029911715      0.749652065960514        -1.0658768710154283E-15
18.500000000000004        -0.5000000029911715      0.7496520659605134       -2.336562295912444E-16
19.500000000000004        -0.5000000029911715      0.7496520659605116       2.5926590676011043E-15
-19.500000000000004       -0.3000000025923486      0.8323326594356858       -3.6301448591940435E-12
-18.500000000000004       -0.3000000025923486      0.832332659452862        -2.0438653472285915E-11
-17.500000000000004       -0.3000000025923486      0.8323326594406154       1.481820421242686E-10
-16.500000000000004       -0.3000000025923486      0.8323326580303467       2.3855429350006667E-9
-15.500000000000004       -0.3000000025923486      0.8323326516398254       7.4334598000053895E-9
-14.500000000000004       -0.3000000025923486      0.8323326955596386       -1.0885420093060323E-7
-13.500000000000002       -0.3000000025923486      0.8323334674662798       -1.2683442954027767E-6
-12.500000000000002       -0.3000000025923486      0.8323359029514933       -1.5180794478058676E-6
-11.500000000000002       -0.3000000025923486      0.8323148461048219       8.756407880625786E-5
-10.500000000000002       -0.3000000025923486      0.8322627064091375       7.202414740917993E-4
-9.500000000000002        -0.3000000025923486      0.8324313733386919       0.002317280386024514
-8.500000000000002        -0.3000000025923486      0.8332315104570919       0.004594213707117097
-7.5                      -0.3000000025923486      0.8347317053257419       0.006808849375905261
-6.5                      -0.3000000025923486      0.8366221003344231       0.01117332184621836
-5.5                      -0.3000000025923486      0.8393933798341247       0.020136907297848058
-4.5                      -0.3000000025923486      0.8429786227238579       0.035437157298170985
-3.5                      -0.3000000025923486      0.8481858673848913       0.05059153029979007
-2.5                      -0.3000000025923486      0.8582311260744289       0.03870276314041958
-1.5                      -0.3000000025923486      0.8763041289763375       -0.0049331610709613
-0.5                      -0.3000000025923486      0.8972083755267639       -0.04147902537905564
0.5                       -0.3000000025923486      0.9033657400746627       -0.03656469109006237
1.5                       -0.3000000025923486      0.9071654406725559       -0.0064814021418825194
2.5                       -0.3000000025923486      0.9096688225488454       -1.0847838654553046E-4
3.5                       -0.3000000025923486      0.9096309187861866       7.319169106790633E-5
4.5000000000000036        -0.3000000025923486      0.9095820770803643       9.177064509311022E-6
5.5000000000000036        -0.3000000025923486      0.909577507015484        -1.1348669292935561E-7
6.5000000000000036        -0.3000000025923486      0.909577743243618        -1.4860342599160083E-7
7.5000000000000036        -0.3000000025923486      0.9095778367061076       -1.3884768346357042E-8
8.500000000000004         -0.3000000025923486      0.9095778429606282       7.494458772581119E-10
9.500000000000004         -0.3000000025923486      0.9095778423184073       2.751691050561267E-10
10.500000000000004        -0.3000000025923486      0.9095778421105737       1.7771393080629475E-11
11.500000000000004        -0.3000000025923486      0.909577842104095        -2.561597346355476E-12
12.500000000000004        -0.3000000025923486      0.9095778421048996       -5.82024908612983E-13
13.500000000000004        -0.3000000025923486      0.9095778421050095       -3.12414251129591E-14
14.500000000000004        -0.3000000025923486      0.9095778421050134       4.693066039903835E-15
15.500000000000004        -0.3000000025923486      0.9095778421050065       -1.9304964011458256E-15
16.500000000000004        -0.3000000025923486      0.9095778421050061       -1.3350634331935878E-15
17.500000000000004        -0.3000000025923486      0.9095778421050066       1.2124539709602663E-17
18.500000000000004        -0.3000000025923486      0.9095778421050057       -9.285086775677036E-16
19.500000000000004        -0.3000000025923486      0.9095778421050046       2.9815359751385795E-15
-19.500000000000004       -0.10000000219352578     0.9055047625078217       -5.079721226690831E-12
-18.500000000000004       -0.10000000219352578     0.9055047625111834       -2.3233112355831884E-11
-17.500000000000004       -0.10000000219352578     0.9055047624860855       1.756544970429638E-10
-16.500000000000004       -0.10000000219352578     0.9055047621318233       2.884886874674499E-9
-15.500000000000004       -0.10000000219352578     0.9055047592170403       8.214834214018843E-9
-14.500000000000004       -0.10000000219352578     0.9055047772364303       -1.3519099657024478E-7
-13.500000000000002       -0.10000000219352578     0.9055050453948235       -1.5127306218591414E-6
-12.500000000000002       -0.10000000219352578     0.9055057585281066       -1.5390996962234394E-6
-11.500000000000002       -0.10000000219352578     0.9055095642476925       9.037074610883211E-5
-10.500000000000002       -0.10000000219352578     0.905680427828847        6.766914822071186E-4
-9.500000000000002        -0.10000000219352578     0.9066172659886867       0.0021085220853495333
-8.500000000000002        -0.10000000219352578     0.9090566737593992       0.0041219726670089244
-7.5                      -0.10000000219352578     0.9131469457333043       0.006135602559808298
-6.5                      -0.10000000219352578     0.9192040373845332       0.010141318085500488
-5.5                      -0.10000000219352578     0.9294947904240098       0.018415507740146206
-4.5                      -0.10000000219352578     0.9473109525365873       0.03262504129900332
-3.5                      -0.10000000219352578     0.9761465178603752       0.04627641043405277
-2.5                      -0.10000000219352578     1.0107499567822429       0.03418236602939051
-1.5                      -0.10000000219352578     1.030066649921953        -0.00781030442460529
-0.5                      -0.10000000219352578     1.0228117952132372       -0.04076240495218002
0.5                       -0.10000000219352578     0.999228128649718        -0.03414324385536587
1.5                       -0.10000000219352578     0.9892646695237229       -0.007052323549064933
2.5                       -0.10000000219352578     0.9895655130354707       -1.5168172347970814E-4
3.5                       -0.10000000219352578     0.9895604278170294       8.615226452703878E-5
4.5000000000000036        -0.10000000219352578     0.9895424161150315       1.1206937063567462E-5
5.5000000000000036        -0.10000000219352578     0.9895406297869407       -9.785373924704582E-8
6.5000000000000036        -0.10000000219352578     0.9895407012512626       -1.778190510098858E-7
7.5000000000000036        -0.10000000219352578     0.9895407287775282       -1.7560343917057826E-8
8.500000000000004         -0.10000000219352578     0.9895407309541142       7.523600924796269E-10
9.500000000000004         -0.10000000219352578     0.9895407305965898       3.3959426533886026E-10
10.500000000000004        -0.10000000219352578     0.9895407305779071       2.143866278806598E-11
11.500000000000004        -0.10000000219352578     0.989540730576302        -3.0943969562699726E-12
12.500000000000004        -0.10000000219352578     0.9895407305762832       -6.887671641709922E-13
13.500000000000004        -0.10000000219352578     0.9895407305759869       -4.1048420477610256E-14
14.500000000000004        -0.10000000219352578     0.9895407305759097       4.865024434313683E-15
15.500000000000004        -0.10000000219352578     0.9895407305758933       -8.607405134721855E-16
16.500000000000004        -0.10000000219352578     0.9895407305758901       -6.113448033545056E-16
17.500000000000004        -0.10000000219352578     0.9895407305758903       -2.015936791853127E-15
18.500000000000004        -0.10000000219352578     0.9895407305758891       3.981607427552726E-16
19.500000000000004        -0.10000000219352578     0.9895407305758896       3.951201214803203E-15
-19.500000000000004       0.09999999820529704      0.9055047632357746       -5.0485328760029486E-12
-18.500000000000004       0.09999999820529704      0.9055047632293733       -2.1770317093696194E-11
-17.500000000000004       0.09999999820529704      0.9055047632669456       1.8570664923129202E-10
-16.500000000000004       0.09999999820529704      0.9055047636351802       2.8942923835424686E-9
-15.500000000000004       0.09999999820529704      0.9055047670153233       8.559826260535054E-9
-14.500000000000004       0.09999999820529704      0.9055047526831663       -1.3320537862069084E-7
-13.500000000000002       0.09999999820529704      0.9055044658260373       -1.5011385430668142E-6
-12.500000000000002       0.09999999820529704      0.9055036356257623       -1.6240955601282304E-6
-11.500000000000002       0.09999999820529704      0.9055288172646844       7.86097181811458E-5
-10.500000000000002       0.09999999820529704      0.9058577604760326       5.591375212943723E-4
-9.500000000000002        0.09999999820529704      0.9072876347823521       0.001717922732736733
-8.500000000000002        0.09999999820529704      0.910716714166336        0.003307084547496924
-7.5                      0.09999999820529704      0.9163929630238389       0.004983507478052615
-6.5                      0.09999999820529704      0.9250521491028312       0.008208219755300642
-5.5                      0.09999999820529704      0.9401281822552195       0.015002797196900034
-4.5                      0.09999999820529704      0.967050238134927        0.026682101970685868
-3.5                      0.09999999820529704      1.0103809593271624       0.03761267438604856
-2.5                      0.09999999820529704      1.0585787627152865       0.027085166699030223
-1.5                      0.09999999820529704      1.0773023066352887       -0.00795672844964312
-0.5                      0.09999999820529704      1.0526047784262436       -0.03453211521549446
0.5                       0.09999999820529704      1.0107985680434277       -0.0282369210675594
1.5                       0.09999999820529704      0.9912825814863313       -0.006370306471890485
2.5                       0.09999999820529704      0.9895033813767358       -1.492277539837604E-4
3.5                       0.09999999820529704      0.9895202521143317       8.578594302446534E-5
4.5000000000000036        0.09999999820529704      0.9895390281475671       1.1289163038508075E-5
5.5000000000000036        0.09999999820529704      0.9895408428728426       -9.614893618356734E-8
6.5000000000000036        0.09999999820529704      0.9895407633468267       -1.7829475033271207E-7
7.5000000000000036        0.09999999820529704      0.9895407338795565       -1.729164557451953E-8
8.500000000000004         0.09999999820529704      0.9895407312188166       8.136508918968941E-10
9.500000000000004         0.09999999820529704      0.989540731404076        3.2568411171187986E-10
10.500000000000004        0.09999999820529704      0.9895407313795633       2.2974665287913687E-11
11.500000000000004        0.09999999820529704      0.9895407313740978       -2.8426373810746575E-12
12.500000000000004        0.09999999820529704      0.9895407313728928       -6.778182099654247E-13
13.500000000000004        0.09999999820529704      0.9895407313731489       -3.777764016363354E-14
14.500000000000004        0.09999999820529704      0.9895407313731623       4.711327868081721E-15
15.500000000000004        0.09999999820529704      0.9895407313731662       1.3400816587957168E-15
16.500000000000004        0.09999999820529704      0.9895407313731652       3.1243157825301797E-16
17.500000000000004        0.09999999820529704      0.989540731373166        -8.184132967531195E-16
18.500000000000004        0.09999999820529704      0.9895407313731654       1.6860748805889679E-16
19.500000000000004        0.09999999820529704      0.9895407313731667       3.163345050268729E-15
-19.500000000000004       0.29999999860411997      0.8323326616210841       -3.871417007017906E-12
-18.500000000000004       0.29999999860411997      0.8323326616040937       -2.0635683333470857E-11
-17.500000000000004       0.29999999860411997      0.8323326616381802       1.4506286135412225E-10
-16.500000000000004       0.29999999860411997      0.8323326629900517       2.3830630480276627E-9
-15.500000000000004       0.29999999860411997      0.8323326692274187       7.355537914162068E-9
-14.500000000000004       0.29999999860411997      0.8323326216823108       -1.076337941904751E-7
-13.500000000000002       0.29999999860411997      0.832331830446273        -1.2489937870696598E-6
-12.500000000000002       0.29999999860411997      0.8323293097534791       -1.6145309289350387E-6
-11.500000000000002       0.29999999860411997      0.8323652580123994       5.757278258124088E-5
-10.500000000000002       0.29999999860411997      0.8327688133821138       4.0092977518508215E-4
-9.500000000000002        0.29999999860411997      0.8343945240205737       0.0012175679769432228
-8.500000000000002        0.29999999860411997      0.8381718397409827       0.0023345421457362223
-7.5                      0.29999999860411997      0.844384489538446        0.0035140966099754902
-6.5                      0.29999999860411997      0.854013647161369        0.005828465057834404
-5.5                      0.29999999860411997      0.8709306169440577       0.010700338809644709
-4.5                      0.29999999860411997      0.9015408121686309       0.019128484131986635
-3.5                      0.29999999860411997      0.9505645542383288       0.02684029016061231
-2.5                      0.29999999860411997      1.0031115510631512       0.018998446424529823
-1.5                      0.29999999860411997      1.019914817365259        -0.006465547435010401
-0.5                      0.29999999860411997      0.9866668678414234       -0.025354423335904038
0.5                       0.29999999860411997      0.9368170001525401       -0.020427114568078372
1.5                       0.29999999860411997      0.9125885390395604       -0.0048328417790211515
2.5                       0.29999999860411997      0.9094776900227531       -1.0619165565302509E-4
3.5                       0.29999999860411997      0.9095246422673197       7.217154261472561E-5
4.5000000000000036        0.29999999860411997      0.9095736869167915       9.18017036280498E-6
5.5000000000000036        0.29999999860411997      0.9095781900479348       -1.1060080972054791E-7
6.5000000000000036        0.29999999860411997      0.9095779386535404       -1.4863212659455496E-7
7.5000000000000036        0.29999999860411997      0.9095778488164222       -1.400150009459942E-8
8.500000000000004         0.29999999860411997      0.909577843427328        7.284079755527647E-10
9.500000000000004         0.29999999860411997      0.9095778442907486       2.767675089742644E-10
10.500000000000004        0.29999999860411997      0.9095778444929289       1.6586123926306708E-11
11.500000000000004        0.29999999860411997      0.9095778444997106       -2.5532717444325117E-12
12.500000000000004        0.29999999860411997      0.9095778444968756       -5.662472935649761E-13
13.500000000000004        0.29999999860411997      0.9095778444967709       -3.2258455140291674E-14
14.500000000000004        0.29999999860411997      0.9095778444968164       5.45611030787727E-16
15.500000000000004        0.29999999860411997      0.9095778444968308       -5.315592208433437E-16
16.500000000000004        0.29999999860411997      0.9095778444968343       2.2736950932738196E-15
17.500000000000004        0.29999999860411997      0.9095778444968337       -1.876214291218234E-15
18.500000000000004        0.29999999860411997      0.9095778444968324       1.902731428337562E-15
19.500000000000004        0.29999999860411997      0.9095778444968347       1.8169746992589827E-15
-19.500000000000004       0.4999999990029429       0.6859884576573352       -2.448800629686762E-12
-18.500000000000004       0.4999999990029429       0.6859884576340752       -1.4029298100995674E-11
-17.500000000000004       0.4999999990029429       0.6859884576661055       8.419794649892455E-11
-16.500000000000004       0.4999999990029429       0.6859884594482591       1.5667427536111169E-9
-15.500000000000004       0.4999999990029429       0.6859884690512311       5.357692632252601E-9
-14.500000000000004       0.4999999990029429       0.6859884191951983       -6.70998504213071E-8
-13.500000000000002       0.4999999990029429       0.6859874145378854       -8.268022664956373E-7
-12.500000000000002       0.4999999990029429       0.6859836843691849       -1.420100949003107E-6
-11.500000000000002       0.4999999990029429       0.686018006932657        3.318894370125686E-5
-10.500000000000002       0.4999999990029429       0.6864045007911521       2.3464952890471033E-4
-9.500000000000002        0.4999999990029429       0.6879262095172306       7.119476279383064E-4
-8.500000000000002        0.4999999990029429       0.6914101057171134       0.001361535286087889
-7.5                      0.4999999990029429       0.6971236373738651       0.002050159352219842
-6.5                      0.4999999990029429       0.7060326081412591       0.0034008144838815874
-5.5                      0.4999999990029429       0.7217896866626144       0.006276059831222397
-4.5                      0.4999999990029429       0.750560793710632        0.01127770560920466
-3.5                      0.4999999990029429       0.7966092738811187       0.015841831904341398
-2.5                      0.4999999990029429       0.8451018958790609       0.011075051934598455
-1.5                      0.4999999990029429       0.8587978828221873       -0.0041668327868854115
-0.5                      0.4999999990029429       0.8249102403036978       -0.015318010837515448
0.5                       0.4999999990029429       0.7766770545673386       -0.012178135343916466
1.5                       0.4999999990029429       0.7528535402317496       -0.0029328207928054663
2.5                       0.4999999990029429       0.749492876527304        -4.8639664292032155E-5
3.5                       0.4999999990029429       0.7495831837342689       4.8626274252779915E-5
4.5000000000000036        0.4999999990029429       0.749647181731154        5.825377816939984E-6
5.5000000000000036        0.4999999990029429       0.7496525843525856       -1.1485528527472882E-7
6.5000000000000036        0.4999999990029429       0.7496521969340713       -9.871093613287833E-8
7.5000000000000036        0.4999999990029429       0.7496520759341068       -8.76617416595995E-9
8.500000000000004         0.4999999990029429       0.7496520685793133       5.146927602064009E-10
9.500000000000004         0.4999999990029429       0.7496520697026534       1.8525302195281566E-10
10.500000000000004        0.4999999990029429       0.749652069938637        1.0504226982423018E-11
11.500000000000004        0.4999999990029429       0.7496520699487633       -1.6645650136989985E-12
12.500000000000004        0.4999999990029429       0.74965206994725         -3.514464670268424E-13
13.500000000000004        0.4999999990029429       0.7496520699468936       -1.3808083258050923E-14
14.500000000000004        0.4999999990029429       0.7496520699468876       5.440909104496878E-15
15.500000000000004        0.4999999990029429       0.7496520699468904       5.561017677658821E-16
16.500000000000004        0.4999999990029429       0.7496520699468925       6.785292071240915E-16
17.500000000000004        0.4999999990029429       0.7496520699468925       -1.948827835102673E-15
18.500000000000004        0.4999999990029429       0.7496520699468916       1.4336505730563467E-15
19.500000000000004        0.4999999990029429       0.7496520699468928       5.458675726020812E-16
-19.500000000000004       0.6999999994017656       0.4664721513530354       -1.1004487754604293E-12
-18.500000000000004       0.6999999994017656       0.46647215133184955      -6.538580996103073E-12
-17.500000000000004       0.6999999994017656       0.46647215134480785      3.100860597835083E-11
-16.500000000000004       0.6999999994017656       0.46647215282161847      6.813973200612912E-10
-15.500000000000004       0.6999999994017656       0.46647216232579414      2.7059882684743837E-9
-14.500000000000004       0.6999999994017656       0.4664721290011648       -2.6458409779531974E-8
-13.500000000000002       0.6999999994017656       0.46647126268226125      -3.649667098466747E-7
-12.500000000000002       0.6999999994017656       0.4664674134867804       -8.18936403373351E-7
-11.500000000000002       0.6999999994017656       0.4664898914165556       1.2805949762064717E-5
-10.500000000000002       0.6999999994017656       0.46677125018515525      9.433178957414455E-5
-9.500000000000002        0.6999999994017656       0.4678899334310321       2.8840322914061974E-4
-8.500000000000002        0.6999999994017656       0.47044981157910565      5.504080837767883E-4
-7.5                      0.6999999994017656       0.47463293583376726      8.270412050093824E-4
-6.5                      0.6999999994017656       0.4811554706020096       0.0013727412358721586
-5.5                      0.6999999994017656       0.4927466134965303       0.0025437438997196224
-4.5                      0.6999999994017656       0.5141037983255151       0.004604000367024177
-3.5                      0.6999999994017656       0.5485297761889889       0.006498154064864027
-2.5                      0.6999999994017656       0.5846084089162816       0.004519569387837249
-1.5                      0.6999999994017656       0.5939729741073615       -0.0018111969499064586
-0.5                      0.6999999994017656       0.5672359375611116       -0.006404292196276968
0.5                       0.6999999994017656       0.5302510178423587       -0.005035461102968344
1.5                       0.6999999994017656       0.5120981174055006       -0.0011954342660513409
2.5                       0.6999999994017656       0.5095765339047205       -6.261828484787911E-6
3.5                       0.6999999994017656       0.5097026294068187       2.217299989330194E-5
4.5000000000000036        0.6999999994017656       0.5097598143612617       2.414532842937847E-6
5.5000000000000036        0.6999999994017656       0.5097639400827845       -7.98629687889146E-8
6.5000000000000036        0.6999999994017656       0.5097635166272324       -4.402049407859126E-8
7.5000000000000036        0.6999999994017656       0.5097634114944706       -3.4370038951880753E-9
8.500000000000004         0.6999999994017656       0.5097634064543668       2.961907663029928E-10
9.500000000000004         0.6999999994017656       0.5097634075342251       8.0810009484581E-11
10.500000000000004        0.6999999994017656       0.509763407722212        3.747047949724059E-12
11.500000000000004        0.6999999994017656       0.5097634077261729       -8.252030080863849E-13
12.500000000000004        0.6999999994017656       0.5097634077235194       -1.5573942868075094E-13
13.500000000000004        0.6999999994017656       0.5097634077233136       -3.5657878565065905E-15
14.500000000000004        0.6999999994017656       0.5097634077233363       1.6139633863252886E-15
15.500000000000004        0.6999999994017656       0.5097634077233427       -2.0355286235074716E-15
16.500000000000004        0.6999999994017656       0.5097634077233429       1.528680203564472E-15
17.500000000000004        0.6999999994017656       0.5097634077233426       -1.0334162019000514E-15
18.500000000000004        0.6999999994017656       0.5097634077233419       1.3472924554158587E-15
19.500000000000004        0.6999999994017656       0.5097634077233425       -6.756707676215914E-17
-19.500000000000004       0.8999999998005885       0.17378374270397978      -1.1600885154087185E-13
-18.500000000000004       0.8999999998005885       0.17378374269473182      -9.998946958228873E-13
-17.500000000000004       0.8999999998005885       0.17378374268893249      2.7231121511288504E-12
-16.500000000000004       0.8999999998005885       0.17378374327236856      8.749577002004263E-11
-15.500000000000004       0.8999999998005885       0.173783747910547        4.2587534271355634E-10
-14.500000000000004       0.8999999998005885       0.17378374034353425      -2.9246489706818714E-9
-13.500000000000002       0.8999999998005885       0.17378338064749263      -4.810775031165647E-8
-12.500000000000002       0.8999999998005885       0.1737813958098413       -1.435817386999639E-7
-11.500000000000002       0.8999999998005885       0.17378787113870212      1.4432172460453712E-6
-10.500000000000002       0.8999999998005885       0.17389387136606038      1.1513807148445777E-5
-9.500000000000002        0.8999999998005885       0.174330723416073        3.570452505430503E-5
-8.500000000000002        0.8999999998005885       0.17533890420241702      6.807560715715126E-5
-7.5                      0.8999999998005885       0.1769803630247732       1.0211141222296613E-4
-6.5                      0.8999999998005885       0.17952673406121555      1.6907816163431834E-4
-5.5                      0.8999999998005885       0.18406769454785435      3.143005016763024E-4
-4.5                      0.8999999998005885       0.19252350750066283      5.715340878829288E-4
-3.5                      0.8999999998005885       0.20633612864625944      8.161813481868268E-4
-2.5                      0.8999999998005885       0.22091698652834876      5.677636935708001E-4
-1.5                      0.8999999998005885       0.22450139420450183      -2.3813763986481082E-4
-0.5                      0.8999999998005885       0.21325131205788925      -8.185777493670814E-4
0.5                       0.8999999998005885       0.19801343521352405      -6.37159588879286E-4
1.5                       0.8999999998005885       0.19071223557778855      -1.4479066167018913E-4
2.5                       0.8999999998005885       0.18980536444312238      1.6996191668244452E-6
3.5                       0.8999999998005885       0.1898859556829094       3.005332045237876E-6
4.5000000000000036        0.8999999998005885       0.18991075678286962      2.806596140000893E-7
5.5000000000000036        0.8999999998005885       0.18991213137678184      -1.5034574898208506E-8
6.5000000000000036        0.8999999998005885       0.1899119030137182       -5.8152121878050145E-9
7.5000000000000036        0.8999999998005885       0.18991185862905943      -4.0201353117404784E-10
8.500000000000004         0.8999999998005885       0.18991185720918272      4.44740753033933E-11
9.500000000000004         0.8999999998005885       0.18991185775424121      1.0883933824518317E-11
10.500000000000004        0.8999999998005885       0.1899118578282114       4.609577841324126E-13
11.500000000000004        0.8999999998005885       0.18991185782767434      -1.3732588561866906E-13
12.500000000000004        0.8999999998005885       0.18991185782624675      -2.059276233040117E-14
13.500000000000004        0.8999999998005885       0.18991185782617656      -2.7485671999147305E-16
14.500000000000004        0.8999999998005885       0.1899118578261816       -2.21103463541643E-15
15.500000000000004        0.8999999998005885       0.18991185782618353      6.832198501468813E-16
16.500000000000004        0.8999999998005885       0.18991185782618294      -2.6844968008024174E-15
17.500000000000004        0.8999999998005885       0.18991185782618267      -5.324383469273682E-16
18.500000000000004        0.8999999998005885       0.18991185782618386      7.426015746532736E-16
19.500000000000004        0.8999999998005885       0.1899118578261842       -3.8449372861937926E-16
