-19.500000000000004       -0.9017005140411521      0.17040454474955424      -1.7376954336221425E-13
-18.500000000000004       -0.9017005140411521      0.17040454476073372      -1.165087509989736E-12
-17.500000000000004       -0.9017005140411521      0.1704045447693126       3.102133315539897E-12
-16.500000000000004       -0.9017005140411521      0.17040454405810884      1.05714372812478E-10
-15.500000000000004       -0.9017005140411521      0.17040453825283214      5.250375110354128E-10
-14.500000000000004       -0.9017005140411521      0.17040454676557162      -3.4793848464631923E-9
-13.500000000000002       -0.9017005140411521      0.17040499657196861      -6.074524822581547E-8
-12.500000000000002       -0.9017005140411521      0.1704076657010578       -1.9528822187152724E-7
-11.500000000000002       -0.9017005140411521      0.1703803199702753       9.826057747158484E-6
-10.500000000000002       -0.9017005140411521      0.1695169719766065       2.1658845697546472E-4
-9.500000000000002        -0.9017005140411521      0.16465417511700658      8.292637514097166E-4
-8.500000000000002        -0.9017005140411521      0.15145846545688194      0.0016384056470971104
-7.5                      -0.9017005140411521      0.12860010050312376      0.0018739180034030047
-6.5                      -0.9017005140411521      0.08764835941577408      0.0023511372324288055
2.5                       -0.9017005140411521      0.14665448764840397      -0.004030809052172019
3.5                       -0.9017005140411521      0.16762671731825052      -9.70016778804997E-5
4.5000000000000036        -0.9017005140411521      0.1677919440080477       1.648184283582893E-5
5.5000000000000036        -0.9017005140411521      0.16761869380226144      3.0239115136830445E-6
6.5000000000000036        -0.9017005140411521      0.16759827249710935      8.159324731629239E-8
7.5000000000000036        -0.9017005140411521      0.16759865786135725      -3.672180240989208E-8
8.500000000000004         -0.9017005140411521      0.16759900281103263      -4.953417750447952E-9
9.500000000000004         -0.9017005140411521      0.16759903272765417      2.0814442592809154E-11
10.500000000000004        -0.9017005140411521      0.16759903083681274      7.62399952298353E-11
11.500000000000004        -0.9017005140411521      0.16759903019841013      7.683011491387267E-12
12.500000000000004        -0.9017005140411521      0.16759903016415256      -3.4666620971041473E-13
13.500000000000004        -0.9017005140411521      0.16759903016878272      -1.5721631735706463E-13
14.500000000000004        -0.9017005140411521      0.167599030169959        -7.591285045811287E-15
15.500000000000004        -0.9017005140411521      0.16759903017000588      1.2687021125615078E-15
16.500000000000004        -0.9017005140411521      0.16759903017000755      -2.7157883720603124E-15
17.500000000000004        -0.9017005140411521      0.1675990301700016       -9.470208405700455E-16
18.500000000000004        -0.9017005140411521      0.1675990301700038       9.938362037843497E-16
19.500000000000004        -0.9017005140411521      0.16759903017000402      -3.911582798997155E-16
-19.500000000000004       -0.7015215125631361      0.4629544705530862       -1.5753542188951895E-12
-18.500000000000004       -0.7015215125631361      0.4629544705793278       -8.280913424741458E-12
-17.500000000000004       -0.7015215125631361      0.46295447057102834      3.544627334043689E-11
-16.500000000000004       -0.7015215125631361      0.462954468759095        8.388914954768697E-10
-15.500000000000004       -0.7015215125631361      0.46295445678729275      3.4745306113704427E-9
-14.500000000000004       -0.7015215125631361      0.4629544974817511       -3.218434408263684E-8
-13.500000000000002       -0.7015215125631361      0.46295560012101256      -4.6745059700826303E-7
-12.500000000000002       -0.7015215125631361      0.46296066129400193      -1.0888652188379965E-6
-11.500000000000002       -0.7015215125631361      0.4629074032344522       4.577923661864592E-5
-10.500000000000002       -0.7015215125631361      0.46218260652592974      5.901847614397434E-4
-9.500000000000002        -0.7015215125631361      0.45904916618746916      0.0021729362201285667
-8.500000000000002        -0.7015215125631361      0.45128415880692024      0.004511484323318059
-7.5                      -0.7015215125631361      0.4373001815459226       0.006544085888289226
-6.5                      -0.7015215125631361      0.4108173041219323       0.011905406401099012
-5.5                      -0.7015215125631361      0.3525292511374018       0.020483985648617538
-4.5                      -0.7015215125631361      0.2379781732341241       0.015060563597158134
-3.5                      -0.7015215125631361      0.150320280422734        0.001917462604756636
-2.5                      -0.7015215125631361      0.09686372683746784      -2.061700328090735E-4
-1.5                      -0.7015215125631361      0.028568416452566855     -0.002142851168717223
1.5                       -0.7015215125631361      0.17076985896411204      -0.036402863231112345
2.5                       -0.7015215125631361      0.41238372484129066      -0.02606518240314352
3.5                       -0.7015215125631361      0.4547184617410881       -9.382684069889694E-4
4.5000000000000036        -0.7015215125631361      0.4557498469433483       1.1154988612854969E-4
5.5000000000000036        -0.7015215125631361      0.4553842882209579       2.4297731449592655E-5
6.5000000000000036        -0.7015215125631361      0.45533177811828457      9.363141147436088E-7
7.5000000000000036        -0.7015215125631361      0.4553316188141627       -2.6270102326530845E-7
8.500000000000004         -0.7015215125631361      0.4553323808932749       -4.163356254285581E-8
9.500000000000004         -0.7015215125631361      0.4553324626013028       -4.754048838088338E-10
10.500000000000004        -0.7015215125631361      0.45533245995097765      5.599682850472349E-10
11.500000000000004        -0.7015215125631361      0.45533245846325654      6.828572699454544E-11
12.500000000000004        -0.7015215125631361      0.4553324583528263       -1.2664346239389873E-12
13.500000000000004        -0.7015215125631361      0.45533245836333286      -1.217476574132144E-12
14.500000000000004        -0.7015215125631361      0.45533245836595826      -1.0426794162407475E-13
15.500000000000004        -0.7015215125631361      0.455332458366075        6.937272896134331E-15
16.500000000000004        -0.7015215125631361      0.45533245836606245      3.2501024080209946E-15
17.500000000000004        -0.7015215125631361      0.45533245836605346      -9.551023136913369E-17
18.500000000000004        -0.7015215125631361      0.45533245836605435      8.546127597573934E-16
19.500000000000004        -0.7015215125631361      0.45533245836605296      1.3824692534607388E-15
-19.500000000000004       -0.5013425110851202      0.682448573696845        -4.172611413796637E-12
-18.500000000000004       -0.5013425110851202      0.6824485737252572       -1.737395680816646E-11
-17.500000000000004       -0.5013425110851202      0.6824485736597922       9.671395374935842E-11
-16.500000000000004       -0.5013425110851202      0.6824485714641275       1.9463742462216965E-9
-15.500000000000004       -0.5013425110851202      0.6824485593564377       6.962790662740064E-9
-14.500000000000004       -0.5013425110851202      0.6824486231081694       -8.198172073552098E-8
-13.500000000000002       -0.5013425110851202      0.6824499010947099       -1.0559988740272743E-6
-12.500000000000002       -0.5013425110851202      0.6824546459623956       -1.7503026501358358E-6
-11.500000000000002       -0.5013425110851202      0.6824040596628627       8.338011375762202E-5
-10.500000000000002       -0.5013425110851202      0.681961874078478        8.288128642861427E-4
-9.500000000000002        -0.5013425110851202      0.6804844886788896       0.0029037044169572673
-8.500000000000002        -0.5013425110851202      0.6772496835456258       0.005965697121860738
-7.5                      -0.5013425110851202      0.6709559379204119       0.00925776858563659
-6.5                      -0.5013425110851202      0.6578509649708212       0.017586144776439817
-5.5                      -0.5013425110851202      0.6283404371935795       0.03304124846561909
-4.5                      -0.5013425110851202      0.578453295134398        0.032954852688775245
-3.5                      -0.5013425110851202      0.5288168117984097       0.011622074241106421
-2.5                      -0.5013425110851202      0.49587626066421875      0.008540496260584908
-1.5                      -0.5013425110851202      0.45290638784508996      0.012770393348143436
-0.5                      -0.5013425110851202      0.36882398020056306      0.01737765061100443
0.5                       -0.5013425110851202      0.3537366758075719       -0.02244995905139863
1.5                       -0.5013425110851202      0.5314363942080652       -0.09342471417307825
2.5                       -0.5013425110851202      0.633202684140632        -0.04613855050977533
3.5                       -0.5013425110851202      0.669996326158453        -0.002401675978653262
4.5000000000000036        -0.5013425110851202      0.6716494623234684       2.2376562984230793E-4
5.5000000000000036        -0.5013425110851202      0.6712755997862054       5.636092091596447E-5
6.5000000000000036        -0.5013425110851202      0.67121294555349         2.6427158596638186E-6
7.5000000000000036        -0.5013425110851202      0.6712119290564297       -5.561304656382368E-7
8.500000000000004         -0.5013425110851202      0.6712127455090113       -9.770867643811139E-8
9.500000000000004         -0.5013425110851202      0.6712128471777059       -2.0252183493191957E-9
10.500000000000004        -0.5013425110851202      0.6712128456677613       1.2229284530366439E-9
11.500000000000004        -0.5013425110851202      0.6712128440205819       1.5810982864328925E-10
12.500000000000004        -0.5013425110851202      0.6712128438736444       -2.228767792493115E-12
13.500000000000004        -0.5013425110851202      0.6712128438830081       -2.6265677455697415E-12
14.500000000000004        -0.5013425110851202      0.6712128438860826       -2.7014233001687755E-13
15.500000000000004        -0.5013425110851202      0.6712128438864008       7.94320995978542E-15
16.500000000000004        -0.5013425110851202      0.6712128438863817       4.222705114401337E-15
17.500000000000004        -0.5013425110851202      0.6712128438863767       4.370836108744019E-16
18.500000000000004        -0.5013425110851202      0.671212843886377        5.834351085313782E-16
19.500000000000004        -0.5013425110851202      0.6712128438863758       2.4106506929034196E-15
-19.500000000000004       -0.30116350960710414     0.8288868541815343       -4.4415416991845E-12
-18.500000000000004       -0.30116350960710414     0.8288868542035557       -2.5986821456092506E-11
-17.500000000000004       -0.30116350960710414     0.8288868541960228       1.8241805108957E-10
-16.500000000000004       -0.30116350960710414     0.8288868524307735       2.9823697319108726E-9
-15.500000000000004       -0.30116350960710414     0.8288868443008032       9.608924602693579E-9
-14.500000000000004       -0.30116350960710414     0.8288868977928049       -1.3394036284401707E-7
-13.500000000000002       -0.30116350960710414     0.8288878674489698       -1.589242719631306E-6
-12.500000000000002       -0.30116350960710414     0.8288910425652771       -2.0651275142068844E-6
-11.500000000000002       -0.30116350960710414     0.8288634227007665       1.0758173666645731E-4
-10.500000000000002       -0.30116350960710414     0.8287502290167186       9.222936360245647E-4
-9.500000000000002        -0.30116350960710414     0.82872214512592         0.0031121119801312764
-8.500000000000002        -0.30116350960710414     0.8290678503987644       0.006315037068783739
-7.5                      -0.30116350960710414     0.8290875462872453       0.01019328355801165
-6.5                      -0.30116350960710414     0.827555943998505        0.019732040449604245
-5.5                      -0.30116350960710414     0.8227697356583743       0.03772458370959796
-4.5                      -0.30116350960710414     0.8170784576208123       0.03943411422022111
-3.5                      -0.30116350960710414     0.8003612186665805       0.016904499779205606
-2.5                      -0.30116350960710414     0.7860657726254947       0.013288761795399728
-1.5                      -0.30116350960710414     0.7663940984944594       0.021311685682731528
-0.5                      -0.30116350960710414     0.7354385438986618       0.028942048750491445
0.5                       -0.30116350960710414     0.7359983108881518       -0.036817381116242484
1.5                       -0.30116350960710414     0.7898827486575497       -0.11329653326565942
2.5                       -0.30116350960710414     0.7958178789611922       -0.05592293454657714
3.5                       -0.30116350960710414     0.8141083599916903       -0.0038346345663642562
4.5000000000000036        -0.30116350960710414     0.815556175358939        3.0869181522048144E-4
5.5000000000000036        -0.30116350960710414     0.8152905873326425       8.613034716875103E-5
6.5000000000000036        -0.30116350960710414     0.8152407329428305       4.558893580664479E-6
7.5000000000000036        -0.30116350960710414     0.8152394972825769       -7.998233132524539E-7
8.500000000000004         -0.30116350960710414     0.815240105962285        -1.5104011493668564E-7
9.500000000000004         -0.30116350960710414     0.8152401892853408       -4.147784841329588E-9
10.500000000000004        -0.30116350960710414     0.8152401881307265       1.8039038745685942E-9
11.500000000000004        -0.30116350960710414     0.8152401868747933       2.428483995438829E-10
12.500000000000004        -0.30116350960710414     0.8152401867270688       -2.1870823167383355E-12
13.500000000000004        -0.30116350960710414     0.8152401867285092       -4.0581349220417E-12
14.500000000000004        -0.30116350960710414     0.8152401867309159       -4.269622721767694E-13
15.500000000000004        -0.30116350960710414     0.8152401867310165       1.4358820677091387E-15
16.500000000000004        -0.30116350960710414     0.8152401867309923       5.9160478555119565E-15
17.500000000000004        -0.30116350960710414     0.8152401867309756       -2.106387492985832E-15
18.500000000000004        -0.30116350960710414     0.815240186730974        9.061291947919116E-16
19.500000000000004        -0.30116350960710414     0.8152401867309723       2.91449505723333E-15
-19.500000000000004       -0.1009845081290881      0.9022693120025432       -6.394052642960161E-12
-18.500000000000004       -0.1009845081290881      0.9022693120064531       -2.9525060006926706E-11
-17.500000000000004       -0.1009845081290881      0.9022693119766928       2.1423625546459643E-10
-16.500000000000004       -0.1009845081290881      0.902269311556378        3.6176844208429923E-9
-15.500000000000004       -0.1009845081290881      0.9022693077541615       1.061885447581068E-8
-14.500000000000004       -0.1009845081290881      0.9022693300619076       -1.6681105434002767E-7
-13.500000000000002       -0.1009845081290881      0.9022696696316451       -1.8994850981091668E-6
-12.500000000000002       -0.1009845081290881      0.9022706174127395       -2.131644123792762E-6
-11.500000000000002       -0.1009845081290881      0.9022737934480913       1.1272575978691569E-4
-10.500000000000002       -0.1009845081290881      0.9024620519154486       8.840466527266974E-4
-9.500000000000002        -0.1009845081290881      0.9035706600229886       0.002895605965438092
-8.500000000000002        -0.1009845081290881      0.906545257178035        0.005840208809871914
-7.5                      -0.1009845081290881      0.9113273382212691       0.00963025958857484
-6.5                      -0.1009845081290881      0.9189784615684469       0.018941397094619502
-5.5                      -0.1009845081290881      0.9333923652636447       0.03618359678605277
-4.5                      -0.1009845081290881      0.9573099388951514       0.03821663038862571
-3.5                      -0.1009845081290881      0.9657789738738134       0.018214962004559472
-2.5                      -0.1009845081290881      0.9670507747663197       0.014605485020336205
-1.5                      -0.1009845081290881      0.966990191567402        0.024004955976142762
-0.5                      -0.1009845081290881      0.9719003877542074       0.029740421240471805
0.5                       -0.1009845081290881      0.9756769159994788       -0.039835922039720535
1.5                       -0.1009845081290881      0.9480845424570166       -0.10976032163690758
2.5                       -0.1009845081290881      0.889573800417922        -0.055928473634039154
3.5                       -0.1009845081290881      0.8870180324722363       -0.0046337892991443665
4.5000000000000036        -0.1009845081290881      0.8875241918377436       3.4809798361709404E-4
5.5000000000000036        -0.1009845081290881      0.8874341402107616       1.0411952492672326E-4
6.5000000000000036        -0.1009845081290881      0.8874149946518168       5.756157076301225E-6
7.5000000000000036        -0.1009845081290881      0.8874142421492641       -9.427695149898525E-7
8.500000000000004         -0.1009845081290881      0.887414457332892        -1.8546548803516605E-7
9.500000000000004         -0.1009845081290881      0.8874144865592679       -5.415841263797751E-9
10.500000000000004        -0.1009845081290881      0.8874144874166013       2.1126567481616054E-9
11.500000000000004        -0.1009845081290881      0.8874144869709786       2.9583506034628867E-10
12.500000000000004        -0.1009845081290881      0.8874144869078877       -1.1865232901354331E-12
13.500000000000004        -0.1009845081290881      0.8874144869009614       -4.779764514309787E-12
14.500000000000004        -0.1009845081290881      0.8874144869001853       -5.11194380745697E-13
15.500000000000004        -0.1009845081290881      0.8874144868999193       2.7135110960494453E-15
16.500000000000004        -0.1009845081290881      0.8874144868998491       7.677229060008534E-15
17.500000000000004        -0.1009845081290881      0.8874144868998463       2.1512627256132697E-16
18.500000000000004        -0.1009845081290881      0.8874144868998426       -2.1858422854286963E-16
19.500000000000004        -0.1009845081290881      0.8874144868998423       3.5541490828837904E-15
-19.500000000000004       0.09919449334892805      0.9025959471654994       -6.338513215874755E-12
-18.500000000000004       0.09919449334892805      0.90259594715733         -2.7528450308417873E-11
-17.500000000000004       0.09919449334892805      0.9025959472059719       2.2893503869620533E-10
-16.500000000000004       0.09919449334892805      0.9025959476300771       3.633004118255909E-9
-15.500000000000004       0.09919449334892805      0.9025959520560178       1.112339743043237E-8
-14.500000000000004       0.09919449334892805      0.9025959352115709       -1.6424571368138702E-7
-13.500000000000002       0.09919449334892805      0.9025955812908191       -1.8868341370838587E-6
-12.500000000000002       0.09919449334892805      0.9025945452177032       -2.2400858011616897E-6
-11.500000000000002       0.09919449334892805      0.9026250652125599       9.89688901739923E-5
-10.500000000000002       0.09919449334892805      0.9030340612080652       7.405008818060115E-4
-9.500000000000002        0.09919449334892805      0.9048999741783637       0.0023938491982983296
-8.500000000000002        0.09919449334892805      0.909528216505259        0.004779995129108249
-7.5                      0.09919449334892805      0.9174382956954937       0.00807233281816573
-6.5                      0.09919449334892805      0.931310922712771        0.015916993581265776
-5.5                      0.09919449334892805      0.9585562352033943       0.03033548221861226
-4.5                      0.09919449334892805      1.0004087969831217       0.032200569407608536
-3.5                      0.09919449334892805      1.0258129706231207       0.016346969267989484
-2.5                      0.09919449334892805      1.038504780722112        0.013262830027983476
-1.5                      0.09919449334892805      1.0530467706158337       0.022015329339617015
-0.5                      0.09919449334892805      1.0798551202811864       0.02527708794224038
0.5                       0.09919449334892805      1.0818485725820763       -0.03538658475169639
1.5                       0.09919449334892805      1.0056107494057311       -0.09210718369823281
2.5                       0.09919449334892805      0.907868712395373        -0.04801967559860281
3.5                       0.09919449334892805      0.8882634099681268       -0.004492020180954176
4.5000000000000036        0.09919449334892805      0.8876159001070617       3.429288947814069E-4
5.5000000000000036        0.09919449334892805      0.8877166683042271       1.0410370769647541E-4
6.5000000000000036        0.09919449334892805      0.887735312103978        5.748703812973421E-6
7.5000000000000036        0.09919449334892805      0.8877359989128684       -9.39109997274261E-7
8.500000000000004         0.09919449334892805      0.8877357778970242       -1.846488285285555E-7
9.500000000000004         0.09919449334892805      0.8877357458420836       -5.650184095308127E-9
10.500000000000004        0.09919449334892805      0.8877357440706656       2.146859826054316E-9
11.500000000000004        0.09919449334892805      0.8877357443504315       3.003678758155675E-10
12.500000000000004        0.09919449334892805      0.887735744387202        -1.2168622116021429E-12
13.500000000000004        0.09919449334892805      0.8877357443935096       -4.7317069933062745E-12
14.500000000000004        0.09919449334892805      0.887735744392996        -5.723643390234724E-13
15.500000000000004        0.09919449334892805      0.8877357443929652       -2.7806624794031897E-15
16.500000000000004        0.09919449334892805      0.8877357443929716       2.9124165508876913E-15
17.500000000000004        0.09919449334892805      0.8877357443929863       -2.0665048596931222E-16
18.500000000000004        0.09919449334892805      0.887735744392986        -2.672502005413814E-16
19.500000000000004        0.09919449334892805      0.8877357443929861       3.048778754946007E-15
-19.500000000000004       0.29937349482694386      0.8298667596725419       -4.813334807865342E-12
-18.500000000000004       0.29937349482694386      0.8298667596509149       -2.6368875595282055E-11
-17.500000000000004       0.29937349482694386      0.829866759688974        1.7827028615525598E-10
-16.500000000000004       0.29937349482694386      0.8298667613709558       2.9887551631995556E-9
-15.500000000000004       0.29937349482694386      0.8298667692142478       9.514753619614031E-9
-14.500000000000004       0.29937349482694386      0.8298667107581105       -1.3279154884084396E-7
-13.500000000000002       0.29937349482694386      0.8298657203195227       -1.5711192973177681E-6
-12.500000000000002       0.29937349482694386      0.8298624857931027       -2.199485264018651E-6
-11.500000000000002       0.29937349482694386      0.8299069931544951       7.296827109047523E-5
-10.500000000000002       0.29937349482694386      0.8304268578646054       5.359862992249727E-4
-9.500000000000002        0.29937349482694386      0.832624042157508        0.0017137263375912417
-8.500000000000002        0.29937349482694386      0.8379311929467271       0.003421749665405913
-7.5                      0.29937349482694386      0.8471868760134186       0.005812939922368923
-6.5                      0.29937349482694386      0.8640156460879665       0.011625532144084958
-5.5                      0.29937349482694386      0.8973415476541976       0.022111485575570917
-4.5                      0.29937349482694386      0.9469261463018982       0.023546011533311494
-3.5                      0.29937349482694386      0.9809746980255737       0.012419941626561971
-2.5                      0.29937349482694386      1.000155251496103        0.010140653793800409
-1.5                      0.29937349482694386      1.0232192731502938       0.017018266412276023
-0.5                      0.29937349482694386      1.0607648581632383       0.01852026134284471
0.5                       0.29937349482694386      1.060168548565756        -0.026642567931271587
1.5                       0.29937349482694386      0.961508380010336        -0.06711615645146449
2.5                       0.29937349482694386      0.8470710634419619       -0.03561576725881408
3.5                       0.29937349482694386      0.8173306799223286       -0.003521384711268281
4.5000000000000036        0.29937349482694386      0.8158859884305348       2.9610060679752384E-4
5.5000000000000036        0.29937349482694386      0.8161541224718791       8.627342883624213E-5
6.5000000000000036        0.29937349482694386      0.8162033182427479       4.5618582962859226E-6
7.5000000000000036        0.29937349482694386      0.8162046221488173       -8.061088874930939E-7
8.500000000000004         0.29937349482694386      0.8162040354592066       -1.5150937458942113E-7
9.500000000000004         0.29937349482694386      0.8162039567170623       -4.127501374472384E-9
10.500000000000004        0.29937349482694386      0.8162039578631982       1.7776492956772579E-9
11.500000000000004        0.29937349482694386      0.8162039591118874       2.447036129965828E-10
12.500000000000004        0.29937349482694386      0.8162039592132168       -1.680877539282029E-12
13.500000000000004        0.29937349482694386      0.8162039592116236       -3.994873926901793E-12
14.500000000000004        0.29937349482694386      0.8162039592102841       -4.411939827010397E-13
15.500000000000004        0.29937349482694386      0.8162039592103512       1.295542303297378E-14
16.500000000000004        0.29937349482694386      0.8162039592103937       8.354870556711259E-15
17.500000000000004        0.29937349482694386      0.8162039592103982       -6.964228916283772E-16
18.500000000000004        0.29937349482694386      0.8162039592103996       2.6501269720984586E-16
19.500000000000004        0.29937349482694386      0.8162039592104015       1.7749274392617507E-15
-19.500000000000004       0.4995524963049599       0.6840817495143012       -3.015602773583896E-12
-18.500000000000004       0.4995524963049599       0.6840817494847246       -1.781997244111985E-11
-17.500000000000004       0.4995524963049599       0.6840817495199328       1.0288602610765921E-10
-16.500000000000004       0.4995524963049599       0.6840817517484274       1.9645391485181697E-9
-15.500000000000004       0.4995524963049599       0.684081763948867        6.900900698336941E-9
-14.500000000000004       0.4995524963049599       0.6840817034723555       -8.276466161153267E-8
-13.500000000000002       0.4995524963049599       0.6840804462373704       -1.0405108914859943E-6
-12.500000000000002       0.4995524963049599       0.6840756544188985       -1.9013857559609553E-6
-11.500000000000002       0.4995524963049599       0.6841184853711476       4.2183465430012455E-5
-10.500000000000002       0.4995524963049599       0.6846244939480645       3.156696876824675E-4
-9.500000000000002        0.4995524963049599       0.6867189157281727       0.0010093894095128991
-8.500000000000002        0.4995524963049599       0.691717069649111        0.002014710090663799
-7.5                      0.4995524963049599       0.7005222364998229       0.0034413448656408488
-6.5                      0.4995524963049599       0.716812729565177        0.006923129507821445
-5.5                      0.4995524963049599       0.7493564621937959       0.013225060986948298
-4.5                      0.4995524963049599       0.7971342598310617       0.014100895467495822
-3.5                      0.4995524963049599       0.8315720888266442       0.007580281907237503
-2.5                      0.4995524963049599       0.8518670351687279       0.006221867961654551
-1.5                      0.4995524963049599       0.8767801447530466       0.010572771348517359
-0.5                      0.4995524963049599       0.9156479467064805       0.011244607025467196
0.5                       0.4995524963049599       0.9137776479318992       -0.016222996065811207
1.5                       0.4995524963049599       0.8154334524443414       -0.04020738504973939
2.5                       0.4995524963049599       0.7052783905604914       -0.02145574112648662
3.5                       0.4995524963049599       0.6739383604888897       -0.0021315542409672482
4.5000000000000036        0.4995524963049599       0.6723848688770162       2.1501886106101053E-4
5.5000000000000036        0.4995524963049599       0.6727563464384078       5.633441034103236E-5
6.5000000000000036        0.4995524963049599       0.6728190026775283       2.6816641834108303E-6
7.5000000000000036        0.4995524963049599       0.6728200544673332       -5.583286507387601E-7
8.500000000000004         0.4995524963049599       0.67281922783438         -9.881800882720152E-8
9.500000000000004         0.4995524963049599       0.6728191274430806       -2.0105939043980765E-9
10.500000000000004        0.4995524963049599       0.6728191294510197       1.2259048585525723E-9
11.500000000000004        0.4995524963049599       0.6728191311907669       1.572688456766126E-10
12.500000000000004        0.4995524963049599       0.6728191313640635       -1.914455024531707E-12
13.500000000000004        0.4995524963049599       0.6728191313555647       -2.6170723339793222E-12
14.500000000000004        0.4995524963049599       0.6728191313522834       -2.552358834303E-13
15.500000000000004        0.4995524963049599       0.6728191313520501       9.46269626684773E-15
16.500000000000004        0.4995524963049599       0.6728191313520802       3.1656705398926415E-15
17.500000000000004        0.4995524963049599       0.6728191313520914       -3.733996299471372E-16
18.500000000000004        0.4995524963049599       0.6728191313520873       1.641877163747119E-16
19.500000000000004        0.4995524963049599       0.6728191313520879       2.850564978259491E-17
-19.500000000000004       0.6997314977829759       0.46524091670296963      -1.4156172363395635E-12
-18.500000000000004       0.6997314977829759       0.4652409166761836       -8.24381776068485E-12
-17.500000000000004       0.6997314977829759       0.46524091668894635      3.767838126676271E-11
-16.500000000000004       0.6997314977829759       0.46524091852771887      8.53487507633417E-10
-15.500000000000004       0.6997314977829759       0.4652409305886036       3.4679683242945273E-9
-14.500000000000004       0.6997314977829759       0.4652408905247727       -3.255669474248151E-8
-13.500000000000002       0.6997314977829759       0.465239806992887        -4.5893340356116177E-7
-12.500000000000002       0.6997314977829759       0.4652348722507428       -1.0818350544217858E-6
-11.500000000000002       0.6997314977829759       0.46526289112863156      1.6279858054433673E-5
-10.500000000000002       0.6997314977829759       0.46563409884129947      1.273659055388042E-4
-9.500000000000002        0.6997314977829759       0.46718940095130224      4.1097898686444427E-4
-8.500000000000002        0.6997314977829759       0.4709050329499301       8.191515662664185E-4
-7.5                      0.6997314977829759       0.47746583225162786      0.0014007668065039295
-6.5                      0.6997314977829759       0.4897136016532762       0.002839066848586689
-5.5                      0.6997314977829759       0.5144773879508608       0.005470375554778704
-4.5                      0.6997314977829759       0.5508951369894131       0.0058577499540259014
-3.5                      0.6997314977829759       0.5776235002136172       0.003160889978959042
-2.5                      0.6997314977829759       0.5935692558093398       0.0025988791103173556
-1.5                      0.6997314977829759       0.6135083700712248       0.004476450413268985
-0.5                      0.6997314977829759       0.6445309662173533       0.004787626919364697
0.5                       0.6997314977829759       0.6430692182460822       -0.006786778014275235
1.5                       0.6997314977829759       0.566614683485848        -0.01681412412857477
2.5                       0.6997314977829759       0.48240905298312103      -0.008883012961630962
3.5                       0.6997314977829759       0.45813584692823434      -8.302107280767504E-4
4.5000000000000036        0.6997314977829759       0.4571731463769074       1.0614486792049077E-4
5.5000000000000036        0.6997314977829759       0.457529444027103        2.43930514107642E-5
6.5000000000000036        0.6997314977829759       0.4575819389934881       9.474519076021655E-7
7.5000000000000036        0.6997314977829759       0.4575821050900131       -2.629480713349472E-7
8.500000000000004         0.6997314977829759       0.4575813383890064       -4.171612138389847E-8
9.500000000000004         0.6997314977829759       0.4575812563965704       -4.718672068582575E-10
10.500000000000004        0.6997314977829759       0.45758125920187576      5.593833918904202E-10
11.500000000000004        0.6997314977829759       0.4575812607166416       6.55001346310168E-11
12.500000000000004        0.6997314977829759       0.4575812608282793       -1.6853638146832263E-12
13.500000000000004        0.6997314977829759       0.45758126082053174      -1.142823443222205E-12
14.500000000000004        0.6997314977829759       0.4575812608181699       -1.020277658409309E-13
15.500000000000004        0.6997314977829759       0.45758126081802913      2.019720857362539E-15
16.500000000000004        0.6997314977829759       0.4575812608180447       1.777269297114529E-15
17.500000000000004        0.6997314977829759       0.45758126081804895      -8.283597141315732E-17
18.500000000000004        0.6997314977829759       0.45758126081804773      1.2748706560117451E-15
19.500000000000004        0.6997314977829759       0.4575812608180487       -1.294984634321866E-16
-19.500000000000004       0.8999104992609918       0.17334426123257723      -1.6502305050659005E-13
-18.500000000000004       0.8999104992609918       0.17334426122098473      -1.2716648379434955E-12
-17.500000000000004       0.8999104992609918       0.173344261212402        3.191256763753037E-12
-16.500000000000004       0.8999104992609918       0.17334426193603306      1.0971183628019236E-10
-15.500000000000004       0.8999104992609918       0.17334426781047407      5.450313139051486E-10
-14.500000000000004       0.8999104992609918       0.17334425909254597      -3.584121348118384E-9
-13.500000000000002       0.8999104992609918       0.17334380991840614      -6.04529418768085E-8
-12.500000000000002       0.8999104992609918       0.17334127324619997      -1.8757790280941357E-7
-11.500000000000002       0.8999104992609918       0.17334922795757957      1.828095754176035E-6
-10.500000000000002       0.8999104992609918       0.17348935640979543      1.557106524434344E-5
-9.500000000000002        0.8999104992609918       0.17410001687739293      5.106603594277654E-5
-8.500000000000002        0.8999104992609918       0.17557278592488645      1.0161163220920931E-4
-7.5                      0.8999104992609918       0.17816604324576196      1.7384258090357652E-4
-6.5                      0.8999104992609918       0.18302078127991672      3.540335602247601E-4
-5.5                      0.8999104992609918       0.19301507127575165      6.920351776613398E-4
-4.5                      0.8999104992609918       0.2079308420049322       7.43511601788546E-4
-3.5                      0.8999104992609918       0.21885084090960974      3.938351989957459E-4
-2.5                      0.8999104992609918       0.2253109146898591       3.2679793443040397E-4
-1.5                      0.8999104992609918       0.23354552151734112      5.734594637035875E-4
-0.5                      0.8999104992609918       0.24679756342083098      6.34123151159932E-4
0.5                       0.8999104992609918       0.2465738575058542       -8.661612776764867E-4
1.5                       0.8999104992609918       0.21475001245644545      -0.0021587871213363244
2.5                       0.8999104992609918       0.18005027014087951      -0.0011207976735566568
3.5                       0.8999104992609918       0.17049111903348937      -9.08468441994119E-5
4.5000000000000036        0.8999104992609918       0.17030003395256868      1.590374408263711E-5
5.5000000000000036        0.8999104992609918       0.1704703618051676       3.136229324158862E-6
6.5000000000000036        0.8999104992609918       0.17049110918502744      8.477212029706591E-8
7.5000000000000036        0.8999104992609918       0.17049072588730124      -3.766891758318458E-8
8.500000000000004         0.8999104992609918       0.17049037533790629      -5.130253193431527E-9
9.500000000000004         0.8999104992609918       0.17049034499383633      2.2502445800528756E-11
10.500000000000004        0.8999104992609918       0.1704903469326423       7.935172649794442E-11
11.500000000000004        0.8999104992609918       0.17049034758032067      7.584339704170367E-12
12.500000000000004        0.8999104992609918       0.17049034761395623      -4.2172136442377156E-13
13.500000000000004        0.8999104992609918       0.17049034760949247      -1.3472354787168845E-13
14.500000000000004        0.8999104992609918       0.17049034760834045      -7.404833179365637E-15
15.500000000000004        0.8999104992609918       0.17049034760827558      -2.026813923726942E-15
16.500000000000004        0.8999104992609918       0.1704903476082767       -2.7384343942001236E-15
17.500000000000004        0.8999104992609918       0.17049034760828205      -6.030852695637573E-16
18.500000000000004        0.8999104992609918       0.1704903476082823       -1.572758785243407E-16
19.500000000000004        0.8999104992609918       0.17049034760828394      7.338321738271746E-17
