0                         1.1102230246251565E-16   1.1102230246251565E-16   1.1102230246251565E-16   1.1102230246251565E-16
1                         1.1102230246251565E-16   1.1102230246251565E-16   1.1102230246251565E-16   1.1102230246251565E-16
2                         1.1102230246251565E-16   1.1102230246251565E-16   1.1102230246251565E-16   1.1102230246251565E-16
3                         1.1102230246251565E-16   1.1102230246251565E-16   1.1102230246251565E-16   1.1102230246251565E-16
4                         1.1102230246251565E-16   1.1102230246251565E-16   1.1102230246251565E-16   1.1102230246251565E-16
5                         1.1102230246251565E-16   1.1102230246251565E-16   1.1102230246251565E-16   1.1102230246251565E-16
6                         1.1102230246251565E-16   1.1102230246251565E-16   1.1102230246251565E-16   1.1102230246251565E-16
7                         1.1102230246251565E-16   1.1102230246251565E-16   1.1102230246251565E-16   1.1102230246251565E-16
8                         1.1102230246251565E-16   1.1102230246251565E-16   1.1102230246251565E-16   1.1102230246251565E-16
9                         1.1102230246251565E-16   1.1102230246251565E-16   1.1102230246251565E-16   1.1102230246251565E-16
10                        1.1102230246251565E-16   1.1102230246251565E-16   1.1102230246251565E-16   1.1102230246251565E-16
11                        1.1102230246251565E-16   1.1102230246251565E-16   1.1102230246251565E-16   1.1102230246251565E-16
12                        1.1102230246251565E-16   1.1102230246251565E-16   1.1102230246251565E-16   1.1102230246251565E-16
13                        1.1102230246251565E-16   1.1102230246251565E-16   1.1102230246251565E-16   1.1102230246251565E-16
14                        1.1102230246251565E-16   1.1102230246251565E-16   1.1102230246251565E-16   1.1102230246251565E-16
15                        1.1102230246251565E-16   1.1102230246251565E-16   1.1102230246251565E-16   1.1102230246251565E-16
16                        1.1102230246251565E-16   1.1102230246251565E-16   1.1102230246251565E-16   1.1102230246251565E-16
17                        1.1102230246251565E-16   1.1102230246251565E-16   1.1102230246251565E-16   1.1102230246251565E-16
18                        1.1102230246251565E-16   1.1102230246251565E-16   1.1102230246251565E-16   1.1102230246251565E-16
19                        1.1102230246251565E-16   1.1102230246251565E-16   1.1102230246251565E-16   1.1102230246251565E-16
20                        1.1102230246251565E-16   1.1102230246251565E-16   1.1102230246251565E-16   1.1102230246251565E-16
21                        1.1102230246251565E-16   1.1102230246251565E-16   1.1102230246251565E-16   1.1102230246251565E-16
22                        1.1102230246251565E-16   1.1102230246251565E-16   1.1102230246251565E-16   1.1102230246251565E-16
23                        1.1102230246251565E-16   1.1102230246251565E-16   1.1102230246251565E-16   1.1102230246251565E-16
24                        1.8433768331638234E-4    1.842313772759674E-4     1.8423887463669963E-4    1.8423887463669963E-4
25                        0.0030336868139151374    0.003028048206177414     0.0030280799450763674    0.0030280799450763674
26                        0.009640991503074292     0.009618873982486842     0.009618806300262017     0.009618806300262017
27                        0.01985480377632154      0.019812574656264736     0.019812342890405787     0.019812342890405787
28                        0.03336131644547924      0.033301219856224806     0.03330080229798982      0.03330080229798982
29                        0.04982582143803116      0.04975154626226941      0.0497509407366602       0.049750940736659977
30                        0.0688950723274585       0.06880413812258368      0.06880332620387763      0.06880332620387752
31                        0.09008464035284491      0.08997435777170615      0.0899733386555166       0.0899733386555166
32                        0.11289897203242605      0.1127692658632029       0.11276818755367346      0.11276818755367335
33                        0.1368595061610023       0.13670281939835438      0.13670158450115089      0.13670158450115089
34                        0.16149305262979996      0.16130442888765695      0.16130274823455393      0.1613027482345537
35                        0.18647884788341829      0.18625761112771988      0.1862553290729939       0.1862553290729937
36                        0.21155779250344042      0.21129306508717582      0.2112899348670061       0.21128993486700587
37                        0.2363788904243731       0.23606591244993025      0.23606182688517352      0.2360618268851733
38                        0.2608634830488171       0.26050416506313345      0.2604991340746837       0.26049913407468384
39                        0.28491162452724195      0.28449739784828465      0.28449129900629533      0.28449129900629533
40                        0.30845548691816405      0.3079838247088317       0.3079766231255354       0.3079766231255354
41                        0.3314676139194205       0.3309369153860213       0.330928590403498        0.3309285904034981
42                        0.3539406318612325       0.3533502377746598       0.3533407798246573       0.3533407798246574
43                        0.3758780698822569       0.3752280947843861       0.3752175034977996       0.3752175034977997
44                        0.397290298695241        0.3965815422684901       0.396569826551333        0.3965698265513331
45                        0.4181895444682038       0.4174232426563992       0.4174104191838739       0.417410419183874
46                        0.43859055200596264      0.4377682659789126       0.43775435862438783      0.43775435862438794
47                        0.4585068733879991       0.45763033089302463      0.4576153693594873       0.4576153693594873
48                        0.47795349523330855      0.47702452687553865      0.47700854641615353      0.47700854641615353
49                        0.49694090366336496      0.4959613894446484       0.4959444282505394       0.4959444282505395
50                        0.5154738001114629       0.5144456567106073       0.5144277536471036       0.5144277536471036
51                        0.5335537600683433       0.5324789749648497       0.5324601694332008       0.5324601694332008
52                        0.5511726500244383       0.5500533046329629       0.5500336337651198       0.5500336337651199
53                        0.5683128840046214       0.5671511773277718       0.5671306834937535       0.5671306834937535
54                        0.584943888063788        0.5837421566954135       0.5837208967486702       0.5837208967486702
55                        0.6010200863881823       0.5997808064141208       0.5997588851412787       0.5997588851412787
56                        0.6164802356178629       0.6152060053619854       0.6151835751784258       0.615183575178426
57                        0.6312486704040545       0.6299421656069636       0.6299191716160871       0.6299191716160872
58                        0.6452353213189457       0.6438991202599048       0.6438756209326897       0.6438756209326898
59                        0.6583672277225134       0.6570101419696169       0.656986251395391        0.656986251395391
60                        0.6705578240904997       0.6691757392405039       0.6691513897849111       0.6691513897849112
61                        0.6817192885917354       0.680314144109637        0.6802894574358396       0.6802894574358398
62                        0.6917853827182072       0.690358733130517        0.6903338062727793       0.6903338062727793
63                        0.7007272421297228       0.6992867182344771       0.6992614671573869       0.6992614671573865
64                        0.7085448713834681       0.7070846995762373       0.7070589892774913       0.7070589892774912
65                        0.715205237234738        0.7137253940145944       0.7136991594344653       0.713699159434465
66                        0.7207691571465047       0.7192751751796997       0.7192484987046318       0.7192484987046317
67                        0.725285400934836        0.7237663904581244       0.7237391524278628       0.7237391524278627
68                        0.7287764686058112       0.7272290109380398       0.7272012988857123       0.7272012988857123
69                        0.7313342452499177       0.7297634176686266       0.7297349841008676       0.7297349841008673
70                        0.7328805453365788       0.731341285816257        0.7313130682438749       0.7313130682438748
71                        0.7334102425895115       0.7320191425699214       0.7319946631437151       0.731994663143715
72                        0.7336179868536177       0.732266330395432        0.7322424949748709       0.7322424949748708
73                        0.7337087993318279       0.7323742386587005       0.7323507016968105       0.7323507016968103
74                        0.733739981794718        0.7324155173997564       0.7323878102446          0.7323878102445998
75                        0.7337510818038597       0.7324301921238099       0.7324010092617218       0.7324010092617217
76                        0.7337552885502445       0.7324357527758212       0.7324060044908771       0.7324060044908768
77                        0.7337569486292627       0.7324379458800147       0.7324079682241038       0.7324079682241031
78                        0.7337576178119825       0.7324388299015656       0.7324087615836852       0.7324087615836847
79                        0.7337578896050341       0.7324391887801959       0.7324090831428614       0.7324090831428608
80                        0.7337580064840801       0.7324393431036552       0.7324092214656466       0.7324092214656461
