0                         3.35398568487568E-45
1                         -3.648516488684529E-57
2                         -3.648516488684527E-57
3                         -3.648516488684527E-57
4                         -3.648516488684527E-57
5                         -3.648516488684527E-57
6                         -3.648516488684527E-57
7                         -3.648516488684527E-57
8                         -3.648516488684527E-57
9                         -3.648516488684527E-57
10                        -3.6485164886845277E-57
11                        -6.405351141034822E-57
12                        -3.1265711791994794E-57
13                        -3.648516488684527E-57
14                        -5.113059324192754E-57
15                        -3.648516488684527E-57
16                        -7.28559065338232E-57
17                        -3.373062365516756E-57
18                        -3.648516488684527E-57
19                        -3.887033244302263E-57
20                        -3.648516488684527E-57
21                        -1.3452456860465223E-21
22                        7.631675314627516E-4
23                        0.004302683219038099
24                        0.007258182446962817
25                        0.00963961297190462
26                        0.011551888365676909
27                        0.013018778552765743
28                        0.014089129665001747
29                        0.014849765558954458
30                        0.015351721368622975
31                        0.015685157063623795
32                        0.01588730729883662
33                        0.01595239756273326
34                        0.015987779830448797
35                        0.015974678310406807
36                        0.01593562549993747
37                        0.015864858082596158
38                        0.01577060097117331
39                        0.015656014202223234
40                        0.015523747242987438
41                        0.015374847273755734
42                        0.015210006363555139
43                        0.015029618804214327
44                        0.014833002887661918
45                        0.014620730328993725
46                        0.014389953342886527
47                        0.014133177472122513
48                        0.01386810984508425
49                        0.013520933965831617
50                        0.013117048874483964
51                        0.012672623657104642
52                        0.0118733708922635
53                        0.010588474820973215
54                        0.009116357101901007
55                        0.007668192901195286
56                        0.006189350537521076
57                        0.004610963295635187
58                        0.0029480805399625908
59                        0.0012688515013400375
60                        -3.543440609352695E-4
61                        -0.0018777430496565246
62                        -0.0033549253761169474
63                        -0.004620390779495134
64                        -0.0051907481306573515
65                        -0.0051629441708446995
66                        -0.0049892740617071005
67                        -0.0048429630544229284
68                        -0.0047387281328674325
69                        -0.004653681082204717
70                        -0.004569569588527507
71                        -0.004480799294775893
72                        -0.004388807888817909
73                        -0.0042965403465322245
74                        -0.004206491086919125
75                        -0.0041204744065291435
76                        -0.004039503695501022
77                        -0.003964057904598184
78                        -0.003894518396957014
79                        -0.0038311519723601526
80                        -0.003773818977764433
81                        -0.0037223458237630523
82                        -0.0036755076750938005
83                        -0.00363376006980733
84                        -0.0035940761415514436
85                        -0.003558078336888196
86                        -0.003522151054462111
87                        -0.0034881234865779503
88                        -0.003453795908846915
89                        -0.003420213810940054
90                        -0.003386575163445671
91                        -0.003353233996590524
92                        -0.003320101059054394
93                        -0.003287201277789702
94                        -0.0032546200441251004
95                        -0.003222312321783049
96                        -0.0031903372174876044
97                        -0.003158667255233152
98                        -0.0031273172137751943
99                        -0.003096280960890847
100                       -0.0030655510222402198
101                       -0.00303513115827398
102                       -0.003005008254971338
103                       -0.0029751882958401307
104                       -0.0029456583695537213
105                       -0.002916424203331578
106                       -0.0028874757106775117
107                       -0.002858817246734626
108                       -0.002830437033171651
109                       -0.0028023417218385823
110                       -0.002774518708680426
111                       -0.002746976510014347
112                       -0.0027196999584162868
113                       -0.0026927006800528306
114                       -0.0026659598667507665
115                       -0.002639486585690173
116                       -0.0026132775462110085
117                       -0.0025873247159343255
118                       -0.002561632425069748
119                       -0.0025361898419802593
120                       -0.002511004314283152
121                       -0.0024860619764969687
122                       -0.0024613734202891466
123                       -0.0024369121451648466
124                       -0.002412701600011239
125                       -0.002388734509152178
126                       -0.0023649943456541984
127                       -0.0023414994364993544
128                       -0.0023182440504292087
129                       -0.0022952281376859883
130                       -0.002272397773265698
131                       -0.0022498247550338983
132                       -0.0022274836648621325
133                       -0.0022061554955324705
134                       -0.002184279107964263
135                       -0.002162403336651348
136                       -0.0021405281994207096
137                       -0.0021213823792424866
138                       -0.0021006847485763205
139                       -0.0020799876159422
140                       -0.0020592909977188664
141                       -0.0020385949095013023
142                       -0.0020178993661066694
143                       -0.00199720438158032
144                       -0.0019802074155300846
145                       -0.0019604603245293823
146                       -0.001940713701521696
147                       -0.0019209675591790607
148                       -0.0019012219095042257
149                       -0.0018814767638360968
150                       -0.0018617321328552308
151                       -0.0018501516553643545
152                       -0.001832623472955226
153                       -0.001815095566494538
154                       -0.001797567947394612
155                       -0.0017800406265794436
156                       -0.0017625136144885196
157                       -0.0017449869210806792
158                       -0.0017274605558379986
159                       -0.0017099345277697224
160                       -0.0016924088454162178
161                       -0.0016748835168529715
162                       -0.0016573585496946134
163                       -0.0016398339510989767
164                       -0.0016223097277711872
165                       -0.001604785885967787
166                       -0.0015993140518602144
167                       -0.0015833249144519726
168                       -0.0015673360409223938
169                       -0.0015513474377952322
170                       -0.0015353591112396213
171                       -0.00151937106707322
172                       -0.0015033833107653755
173                       -0.0014873958474403085
174                       -0.0014714086818803172
175                       -0.0014554218185290043
176                       -0.0014394352614945192
177                       -0.0014234490145528234
178                       -0.001407463081150975
179                       -0.0013914774644104273
180                       -0.001390576312914171
181                       -0.0013766255017293545
182                       -0.0013626748704638546
183                       -0.001348724423328295
184                       -0.0013347741642986911
185                       -0.0013208240971186137
186                       -0.0013068742253013667
187                       -0.0012929245521321729
188                       -0.0012789750806703687
189                       -0.0012650258137516144
190                       -0.0012510767539901085
191                       -0.0012371279037808138
192                       -0.001223179265301695
193                       -0.0012092308405159628
194                       -0.0011952826311743305
195                       -0.0011960848520923635
196                       -0.0011839867206080608
197                       -0.0011718887096884931
198                       -0.0011597908219407173
199                       -0.0011476930598201475
200                       -0.0011355954256320093
